Running 30s test @ http://10.105.96.67:8080/wrk2-api/post/compose
  4 threads and 200 connections

  Thread calibration: mean lat.: 1686.488ms, rate sampling interval: 5685ms
  Thread calibration: mean lat.: 1724.158ms, rate sampling interval: 5455ms
  Thread calibration: mean lat.: 1692.827ms, rate sampling interval: 5480ms
  Thread calibration: mean lat.: 1651.055ms, rate sampling interval: 5423ms

-----------------------------------------------------------------------
Test Results @ http://10.105.96.67:8080/wrk2-api/post/compose 
  Thread Stats   Avg      Stdev     99%   +/- Stdev
    Latency     4.30s     2.99s   12.26s    69.43%
    Req/Sec   145.08     55.39   222.00     33.33%
  Latency Distribution (HdrHistogram - Recorded Latency)
 50.000%    3.38s 
 75.000%    6.11s 
 90.000%    9.05s 
 99.000%   12.26s 
 99.900%   14.02s 
 99.990%   14.79s 
 99.999%   15.28s 
100.000%   15.28s 

  Detailed Percentile spectrum:
       Value   Percentile   TotalCount 1/(1-Percentile)

     203.391     0.000000            1         1.00
    1144.831     0.100000         1088         1.11
    1842.175     0.200000         2179         1.25
    2326.527     0.300000         3263         1.43
    2830.335     0.400000         4356         1.67
    3381.247     0.500000         5438         2.00
    3682.303     0.550000         5983         2.22
    4042.751     0.600000         6524         2.50
    4542.463     0.650000         7071         2.86
    5226.495     0.700000         7613         3.33
    6111.231     0.750000         8156         4.00
    6590.463     0.775000         8428         4.44
    7065.599     0.800000         8698         5.00
    7544.831     0.825000         8973         5.71
    8007.679     0.850000         9242         6.67
    8527.871     0.875000         9516         8.00
    8781.823     0.887500         9654         8.89
    9052.159     0.900000         9792        10.00
    9297.919     0.912500         9925        11.43
    9625.599     0.925000        10062        13.33
    9953.279     0.937500        10193        16.00
   10092.543     0.943750        10264        17.78
   10321.919     0.950000        10333        20.00
   10493.951     0.956250        10397        22.86
   10706.943     0.962500        10467        26.67
   10969.087     0.968750        10535        32.00
   11091.967     0.971875        10568        35.56
   11272.191     0.975000        10601        40.00
   11419.647     0.978125        10635        45.71
   11616.255     0.981250        10670        53.33
   11796.479     0.984375        10703        64.00
   11993.087     0.985938        10720        71.11
   12107.775     0.987500        10738        80.00
   12181.503     0.989062        10754        91.43
   12345.343     0.990625        10771       106.67
   12566.527     0.992188        10789       128.00
   12623.871     0.992969        10796       142.22
   12681.215     0.993750        10805       160.00
   12877.823     0.994531        10813       182.86
   13033.471     0.995313        10822       213.33
   13156.351     0.996094        10830       256.00
   13271.039     0.996484        10834       284.44
   13344.767     0.996875        10839       320.00
   13541.375     0.997266        10843       365.71
   13615.103     0.997656        10848       426.67
   13647.871     0.998047        10851       512.00
   13697.023     0.998242        10853       568.89
   13852.671     0.998437        10856       640.00
   13877.247     0.998633        10858       731.43
   14008.319     0.998828        10860       853.33
   14106.623     0.999023        10862      1024.00
   14123.007     0.999121        10863      1137.78
   14270.463     0.999219        10864      1280.00
   14352.383     0.999316        10865      1462.86
   14385.151     0.999414        10866      1706.67
   14458.879     0.999512        10867      2048.00
   14532.607     0.999561        10868      2275.56
   14532.607     0.999609        10868      2560.00
   14581.759     0.999658        10869      2925.71
   14581.759     0.999707        10869      3413.33
   14639.103     0.999756        10870      4096.00
   14639.103     0.999780        10870      4551.11
   14639.103     0.999805        10870      5120.00
   14794.751     0.999829        10871      5851.43
   14794.751     0.999854        10871      6826.67
   14794.751     0.999878        10871      8192.00
   14794.751     0.999890        10871      9102.22
   14794.751     0.999902        10871     10240.00
   15278.079     0.999915        10872     11702.86
   15278.079     1.000000        10872          inf
#[Mean    =     4297.379, StdDeviation   =     2989.532]
#[Max     =    15269.888, Total count    =        10872]
#[Buckets =           27, SubBuckets     =         2048]
-----------------------------------------------------------------------
  18772 requests in 30.01s, 3.42MB read
Requests/sec:    625.44  
Transfer/sec:    116.67KB
