Running 30s test @ http://10.105.96.67:8080/wrk2-api/home-timeline/read
  4 threads and 200 connections

  Thread calibration: mean lat.: 1.307ms, rate sampling interval: 10ms
  Thread calibration: mean lat.: 1.303ms, rate sampling interval: 10ms
  Thread calibration: mean lat.: 1.472ms, rate sampling interval: 10ms
  Thread calibration: mean lat.: 1.172ms, rate sampling interval: 10ms

-----------------------------------------------------------------------
Test Results @ http://10.105.96.67:8080/wrk2-api/home-timeline/read 
  Thread Stats   Avg      Stdev     99%   +/- Stdev
    Latency     1.15ms  225.75us   1.87ms   81.52%
    Req/Sec   264.36    169.00   700.00     74.41%
  Latency Distribution (HdrHistogram - Recorded Latency)
 50.000%    1.12ms
 75.000%    1.24ms
 90.000%    1.39ms
 99.000%    1.87ms
 99.900%    3.34ms
 99.990%    5.08ms
 99.999%    6.26ms
100.000%    6.26ms

  Detailed Percentile spectrum:
       Value   Percentile   TotalCount 1/(1-Percentile)

       0.714     0.000000            1         1.00
       0.940     0.100000         2010         1.11
       0.999     0.200000         4037         1.25
       1.041     0.300000         6003         1.43
       1.081     0.400000         8008         1.67
       1.122     0.500000        10042         2.00
       1.141     0.550000        11005         2.22
       1.162     0.600000        12025         2.50
       1.184     0.650000        13001         2.86
       1.210     0.700000        14025         3.33
       1.239     0.750000        15013         4.00
       1.257     0.775000        15523         4.44
       1.276     0.800000        16004         5.00
       1.299     0.825000        16511         5.71
       1.324     0.850000        17010         6.67
       1.353     0.875000        17507         8.00
       1.370     0.887500        17766         8.89
       1.386     0.900000        17996        10.00
       1.408     0.912500        18254        11.43
       1.432     0.925000        18508        13.33
       1.459     0.937500        18753        16.00
       1.474     0.943750        18871        17.78
       1.497     0.950000        19002        20.00
       1.517     0.956250        19128        22.86
       1.541     0.962500        19252        26.67
       1.573     0.968750        19374        32.00
       1.593     0.971875        19434        35.56
       1.615     0.975000        19498        40.00
       1.643     0.978125        19558        45.71
       1.676     0.981250        19621        53.33
       1.711     0.984375        19684        64.00
       1.732     0.985938        19714        71.11
       1.770     0.987500        19747        80.00
       1.832     0.989062        19777        91.43
       1.898     0.990625        19808       106.67
       1.962     0.992188        19839       128.00
       2.017     0.992969        19855       142.22
       2.071     0.993750        19871       160.00
       2.113     0.994531        19886       182.86
       2.161     0.995313        19902       213.33
       2.255     0.996094        19917       256.00
       2.313     0.996484        19926       284.44
       2.341     0.996875        19934       320.00
       2.377     0.997266        19941       365.71
       2.459     0.997656        19949       426.67
       2.639     0.998047        19957       512.00
       2.785     0.998242        19960       568.89
       2.951     0.998437        19964       640.00
       3.029     0.998633        19968       731.43
       3.151     0.998828        19972       853.33
       3.601     0.999023        19976      1024.00
       3.707     0.999121        19978      1137.78
       3.863     0.999219        19980      1280.00
       3.881     0.999316        19982      1462.86
       4.021     0.999414        19984      1706.67
       4.055     0.999512        19986      2048.00
       4.071     0.999561        19987      2275.56
       4.147     0.999609        19988      2560.00
       4.163     0.999658        19989      2925.71
       4.375     0.999707        19990      3413.33
       4.587     0.999756        19991      4096.00
       4.587     0.999780        19991      4551.11
       4.711     0.999805        19992      5120.00
       4.711     0.999829        19992      5851.43
       5.083     0.999854        19993      6826.67
       5.083     0.999878        19993      8192.00
       5.083     0.999890        19993      9102.22
       5.307     0.999902        19994     10240.00
       5.307     0.999915        19994     11702.86
       5.307     0.999927        19994     13653.33
       5.307     0.999939        19994     16384.00
       5.307     0.999945        19994     18204.44
       6.263     0.999951        19995     20480.00
       6.263     1.000000        19995          inf
#[Mean    =        1.154, StdDeviation   =        0.226]
#[Max     =        6.260, Total count    =        19995]
#[Buckets =           27, SubBuckets     =         2048]
-----------------------------------------------------------------------
  29659 requests in 30.00s, 4.95MB read
Requests/sec:    988.51  
Transfer/sec:    168.93KB
