Running 30s test @ http://10.105.96.67:8080/wrk2-api/post/compose
  4 threads and 200 connections

  Thread calibration: mean lat.: 26.312ms, rate sampling interval: 29ms
  Thread calibration: mean lat.: 27.468ms, rate sampling interval: 30ms
  Thread calibration: mean lat.: 23.651ms, rate sampling interval: 28ms
  Thread calibration: mean lat.: 27.049ms, rate sampling interval: 29ms

-----------------------------------------------------------------------
Test Results @ http://10.105.96.67:8080/wrk2-api/post/compose 
  Thread Stats   Avg      Stdev     99%   +/- Stdev
    Latency     9.96ms    9.89ms  22.33ms   98.84%
    Req/Sec   125.46     65.61   300.00     71.62%
  Latency Distribution (HdrHistogram - Recorded Latency)
 50.000%    8.57ms
 75.000%    9.81ms
 90.000%   11.80ms
 99.000%   22.33ms
 99.900%  135.81ms
 99.990%  188.93ms
 99.999%  200.57ms
100.000%  200.57ms

  Detailed Percentile spectrum:
       Value   Percentile   TotalCount 1/(1-Percentile)

       6.267     0.000000            1         1.00
       7.275     0.100000          997         1.11
       7.623     0.200000         1984         1.25
       7.927     0.300000         2969         1.43
       8.247     0.400000         3973         1.67
       8.567     0.500000         4956         2.00
       8.751     0.550000         5447         2.22
       8.959     0.600000         5940         2.50
       9.199     0.650000         6421         2.86
       9.479     0.700000         6923         3.33
       9.815     0.750000         7419         4.00
      10.007     0.775000         7659         4.44
      10.223     0.800000         7914         5.00
      10.487     0.825000         8156         5.71
      10.815     0.850000         8398         6.67
      11.231     0.875000         8644         8.00
      11.479     0.887500         8770         8.89
      11.799     0.900000         8893        10.00
      12.159     0.912500         9019        11.43
      12.559     0.925000         9139        13.33
      13.111     0.937500         9262        16.00
      13.399     0.943750         9324        17.78
      13.839     0.950000         9386        20.00
      14.279     0.956250         9446        22.86
      14.695     0.962500         9508        26.67
      15.287     0.968750         9571        32.00
      15.655     0.971875         9601        35.56
      16.023     0.975000         9632        40.00
      16.359     0.978125         9663        45.71
      17.071     0.981250         9694        53.33
      17.839     0.984375         9724        64.00
      18.655     0.985938         9741        71.11
      19.279     0.987500         9756        80.00
      20.559     0.989062         9770        91.43
      24.543     0.990625         9786       106.67
      47.135     0.992188         9801       128.00
      76.479     0.992969         9809       142.22
      95.359     0.993750         9817       160.00
     103.231     0.994531         9824       182.86
     110.335     0.995313         9833       213.33
     116.287     0.996094         9840       256.00
     119.487     0.996484         9844       284.44
     121.407     0.996875         9848       320.00
     123.263     0.997266         9851       365.71
     125.695     0.997656         9855       426.67
     129.983     0.998047         9859       512.00
     131.327     0.998242         9861       568.89
     131.967     0.998437         9863       640.00
     134.783     0.998633         9865       731.43
     135.295     0.998828         9867       853.33
     137.471     0.999023         9869      1024.00
     137.599     0.999121         9870      1137.78
     138.495     0.999219         9871      1280.00
     138.751     0.999316         9872      1462.86
     152.703     0.999414         9873      1706.67
     176.511     0.999512         9874      2048.00
     176.511     0.999561         9874      2275.56
     180.223     0.999609         9875      2560.00
     180.223     0.999658         9875      2925.71
     182.143     0.999707         9876      3413.33
     182.143     0.999756         9876      4096.00
     182.143     0.999780         9876      4551.11
     188.927     0.999805         9877      5120.00
     188.927     0.999829         9877      5851.43
     188.927     0.999854         9877      6826.67
     188.927     0.999878         9877      8192.00
     188.927     0.999890         9877      9102.22
     200.575     0.999902         9878     10240.00
     200.575     1.000000         9878          inf
#[Mean    =        9.964, StdDeviation   =        9.887]
#[Max     =      200.448, Total count    =         9878]
#[Buckets =           27, SubBuckets     =         2048]
-----------------------------------------------------------------------
  14861 requests in 30.02s, 2.71MB read
  Socket errors: connect 0, read 0, write 0, timeout 20
Requests/sec:    495.01  
Transfer/sec:     92.33KB
