Running 30s test @ http://10.105.96.67:8080/wrk2-api/home-timeline/read
  4 threads and 200 connections

  Thread calibration: mean lat.: 1.438ms, rate sampling interval: 10ms
  Thread calibration: mean lat.: 1.536ms, rate sampling interval: 10ms
  Thread calibration: mean lat.: 1.412ms, rate sampling interval: 10ms
  Thread calibration: mean lat.: 1.443ms, rate sampling interval: 10ms

-----------------------------------------------------------------------
Test Results @ http://10.105.96.67:8080/wrk2-api/home-timeline/read 
  Thread Stats   Avg      Stdev     99%   +/- Stdev
    Latency     1.23ms  188.16us   1.73ms   76.57%
    Req/Sec   131.45    119.00   454.00     57.90%
  Latency Distribution (HdrHistogram - Recorded Latency)
 50.000%    1.21ms
 75.000%    1.32ms
 90.000%    1.44ms
 99.000%    1.73ms
 99.900%    2.98ms
 99.990%    3.79ms
 99.999%    3.99ms
100.000%    3.99ms

  Detailed Percentile spectrum:
       Value   Percentile   TotalCount 1/(1-Percentile)

       0.776     0.000000            1         1.00
       1.030     0.100000          999         1.11
       1.090     0.200000         2015         1.25
       1.133     0.300000         2997         1.43
       1.171     0.400000         4001         1.67
       1.208     0.500000         4980         2.00
       1.228     0.550000         5481         2.22
       1.248     0.600000         5984         2.50
       1.270     0.650000         6484         2.86
       1.294     0.700000         6980         3.33
       1.322     0.750000         7468         4.00
       1.337     0.775000         7727         4.44
       1.353     0.800000         7965         5.00
       1.372     0.825000         8214         5.71
       1.393     0.850000         8472         6.67
       1.414     0.875000         8715         8.00
       1.425     0.887500         8837         8.89
       1.439     0.900000         8969        10.00
       1.454     0.912500         9096        11.43
       1.469     0.925000         9211        13.33
       1.490     0.937500         9334        16.00
       1.501     0.943750         9397        17.78
       1.518     0.950000         9460        20.00
       1.533     0.956250         9520        22.86
       1.553     0.962500         9581        26.67
       1.574     0.968750         9649        32.00
       1.585     0.971875         9678        35.56
       1.594     0.975000         9707        40.00
       1.616     0.978125         9737        45.71
       1.632     0.981250         9768        53.33
       1.659     0.984375         9799        64.00
       1.676     0.985938         9816        71.11
       1.689     0.987500         9830        80.00
       1.714     0.989062         9846        91.43
       1.739     0.990625         9861       106.67
       1.767     0.992188         9877       128.00
       1.800     0.992969         9885       142.22
       1.844     0.993750         9892       160.00
       1.892     0.994531         9900       182.86
       2.001     0.995313         9908       213.33
       2.143     0.996094         9916       256.00
       2.199     0.996484         9920       284.44
       2.213     0.996875         9923       320.00
       2.349     0.997266         9927       365.71
       2.397     0.997656         9931       426.67
       2.499     0.998047         9935       512.00
       2.707     0.998242         9937       568.89
       2.741     0.998437         9939       640.00
       2.821     0.998633         9941       731.43
       2.905     0.998828         9943       853.33
       3.015     0.999023         9945      1024.00
       3.041     0.999121         9946      1137.78
       3.043     0.999219         9947      1280.00
       3.131     0.999316         9948      1462.86
       3.167     0.999414         9949      1706.67
       3.235     0.999512         9950      2048.00
       3.235     0.999561         9950      2275.56
       3.379     0.999609         9951      2560.00
       3.379     0.999658         9951      2925.71
       3.663     0.999707         9952      3413.33
       3.663     0.999756         9952      4096.00
       3.663     0.999780         9952      4551.11
       3.787     0.999805         9953      5120.00
       3.787     0.999829         9953      5851.43
       3.787     0.999854         9953      6826.67
       3.787     0.999878         9953      8192.00
       3.787     0.999890         9953      9102.22
       3.987     0.999902         9954     10240.00
       3.987     1.000000         9954          inf
#[Mean    =        1.229, StdDeviation   =        0.188]
#[Max     =        3.986, Total count    =         9954]
#[Buckets =           27, SubBuckets     =         2048]
-----------------------------------------------------------------------
  14942 requests in 30.02s, 2.49MB read
  Socket errors: connect 0, read 0, write 0, timeout 20
Requests/sec:    497.81  
Transfer/sec:     85.07KB
