Running 30s test @ http://10.105.96.67:8080/wrk2-api/home-timeline/read
  4 threads and 200 connections

  Thread calibration: mean lat.: 2.377ms, rate sampling interval: 10ms
  Thread calibration: mean lat.: 2.479ms, rate sampling interval: 10ms
  Thread calibration: mean lat.: 2.442ms, rate sampling interval: 10ms
  Thread calibration: mean lat.: 2.915ms, rate sampling interval: 10ms

-----------------------------------------------------------------------
Test Results @ http://10.105.96.67:8080/wrk2-api/home-timeline/read 
  Thread Stats   Avg      Stdev     99%   +/- Stdev
    Latency     1.21ms  223.00us   1.81ms   83.01%
    Req/Sec   156.81    130.34   555.00     58.64%
  Latency Distribution (HdrHistogram - Recorded Latency)
 50.000%    1.19ms
 75.000%    1.31ms
 90.000%    1.43ms
 99.000%    1.81ms
 99.900%    3.50ms
 99.990%    4.93ms
 99.999%    6.27ms
100.000%    6.27ms

  Detailed Percentile spectrum:
       Value   Percentile   TotalCount 1/(1-Percentile)

       0.758     0.000000            1         1.00
       1.007     0.100000         1192         1.11
       1.067     0.200000         2397         1.25
       1.111     0.300000         3582         1.43
       1.150     0.400000         4780         1.67
       1.188     0.500000         5941         2.00
       1.209     0.550000         6552         2.22
       1.231     0.600000         7141         2.50
       1.254     0.650000         7739         2.86
       1.280     0.700000         8351         3.33
       1.307     0.750000         8928         4.00
       1.324     0.775000         9220         4.44
       1.339     0.800000         9520         5.00
       1.357     0.825000         9805         5.71
       1.377     0.850000        10105         6.67
       1.400     0.875000        10395         8.00
       1.412     0.887500        10548         8.89
       1.426     0.900000        10691        10.00
       1.441     0.912500        10841        11.43
       1.460     0.925000        10989        13.33
       1.482     0.937500        11136        16.00
       1.495     0.943750        11211        17.78
       1.508     0.950000        11283        20.00
       1.524     0.956250        11358        22.86
       1.545     0.962500        11436        26.67
       1.574     0.968750        11507        32.00
       1.593     0.971875        11543        35.56
       1.611     0.975000        11580        40.00
       1.634     0.978125        11617        45.71
       1.651     0.981250        11655        53.33
       1.682     0.984375        11691        64.00
       1.715     0.985938        11709        71.11
       1.741     0.987500        11728        80.00
       1.792     0.989062        11747        91.43
       1.840     0.990625        11765       106.67
       1.954     0.992188        11784       128.00
       2.028     0.992969        11793       142.22
       2.095     0.993750        11803       160.00
       2.203     0.994531        11812       182.86
       2.301     0.995313        11821       213.33
       2.389     0.996094        11830       256.00
       2.461     0.996484        11836       284.44
       2.555     0.996875        11840       320.00
       2.701     0.997266        11844       365.71
       3.029     0.997656        11849       426.67
       3.087     0.998047        11853       512.00
       3.119     0.998242        11856       568.89
       3.179     0.998437        11858       640.00
       3.237     0.998633        11860       731.43
       3.495     0.998828        11863       853.33
       3.667     0.999023        11865      1024.00
       3.911     0.999121        11866      1137.78
       3.943     0.999219        11867      1280.00
       3.979     0.999316        11868      1462.86
       4.199     0.999414        11870      1706.67
       4.383     0.999512        11871      2048.00
       4.383     0.999561        11871      2275.56
       4.475     0.999609        11872      2560.00
       4.475     0.999658        11872      2925.71
       4.507     0.999707        11873      3413.33
       4.683     0.999756        11874      4096.00
       4.683     0.999780        11874      4551.11
       4.683     0.999805        11874      5120.00
       4.683     0.999829        11874      5851.43
       4.927     0.999854        11875      6826.67
       4.927     0.999878        11875      8192.00
       4.927     0.999890        11875      9102.22
       4.927     0.999902        11875     10240.00
       4.927     0.999915        11875     11702.86
       6.271     0.999927        11876     13653.33
       6.271     1.000000        11876          inf
#[Mean    =        1.215, StdDeviation   =        0.223]
#[Max     =        6.268, Total count    =        11876]
#[Buckets =           27, SubBuckets     =         2048]
-----------------------------------------------------------------------
  17852 requests in 30.03s, 2.98MB read
  Socket errors: connect 0, read 0, write 0, timeout 5
Requests/sec:    594.52  
Transfer/sec:    101.60KB
