Running 30s test @ http://10.105.96.67:8080/wrk2-api/post/compose
  4 threads and 200 connections

  Thread calibration: mean lat.: 78.916ms, rate sampling interval: 657ms
  Thread calibration: mean lat.: 78.447ms, rate sampling interval: 657ms
  Thread calibration: mean lat.: 62.196ms, rate sampling interval: 405ms
  Thread calibration: mean lat.: 73.802ms, rate sampling interval: 552ms

-----------------------------------------------------------------------
Test Results @ http://10.105.96.67:8080/wrk2-api/post/compose 
  Thread Stats   Avg      Stdev     99%   +/- Stdev
    Latency   211.80ms  504.95ms   2.31s    88.01%
    Req/Sec   133.61     30.36   185.00     66.21%
  Latency Distribution (HdrHistogram - Recorded Latency)
 50.000%   10.04ms
 75.000%   14.62ms
 90.000%  881.66ms
 99.000%    2.31s 
 99.900%    3.06s 
 99.990%    3.61s 
 99.999%    4.08s 
100.000%    4.08s 

  Detailed Percentile spectrum:
       Value   Percentile   TotalCount 1/(1-Percentile)

       6.343     0.000000            1         1.00
       7.675     0.100000         1069         1.11
       8.215     0.200000         2145         1.25
       8.759     0.300000         3221         1.43
       9.327     0.400000         4273         1.67
      10.039     0.500000         5350         2.00
      10.487     0.550000         5878         2.22
      11.047     0.600000         6413         2.50
      11.831     0.650000         6941         2.86
      12.967     0.700000         7477         3.33
      14.623     0.750000         8009         4.00
      16.383     0.775000         8276         4.44
      21.359     0.800000         8542         5.00
     336.127     0.825000         8810         5.71
     457.471     0.850000         9076         6.67
     662.015     0.875000         9343         8.00
     771.583     0.887500         9476         8.89
     881.663     0.900000         9610        10.00
    1013.247     0.912500         9743        11.43
    1145.855     0.925000         9877        13.33
    1288.191     0.937500        10010        16.00
    1368.063     0.943750        10077        17.78
    1447.935     0.950000        10144        20.00
    1528.831     0.956250        10211        22.86
    1624.063     0.962500        10277        26.67
    1756.159     0.968750        10344        32.00
    1809.407     0.971875        10377        35.56
    1868.799     0.975000        10411        40.00
    1970.175     0.978125        10445        45.71
    2037.759     0.981250        10477        53.33
    2115.583     0.984375        10511        64.00
    2166.783     0.985938        10528        71.11
    2207.743     0.987500        10544        80.00
    2279.423     0.989062        10561        91.43
    2349.055     0.990625        10577       106.67
    2406.399     0.992188        10595       128.00
    2455.551     0.992969        10603       142.22
    2484.223     0.993750        10611       160.00
    2516.991     0.994531        10619       182.86
    2574.335     0.995313        10627       213.33
    2668.543     0.996094        10636       256.00
    2686.975     0.996484        10640       284.44
    2744.319     0.996875        10644       320.00
    2799.615     0.997266        10648       365.71
    2830.335     0.997656        10652       426.67
    2861.055     0.998047        10657       512.00
    2930.687     0.998242        10659       568.89
    2955.263     0.998437        10661       640.00
    3026.943     0.998633        10663       731.43
    3053.567     0.998828        10665       853.33
    3065.855     0.999023        10667      1024.00
    3158.015     0.999121        10668      1137.78
    3190.783     0.999219        10669      1280.00
    3196.927     0.999316        10670      1462.86
    3201.023     0.999414        10671      1706.67
    3254.271     0.999512        10672      2048.00
    3332.095     0.999561        10673      2275.56
    3332.095     0.999609        10673      2560.00
    3356.671     0.999658        10674      2925.71
    3356.671     0.999707        10674      3413.33
    3594.239     0.999756        10675      4096.00
    3594.239     0.999780        10675      4551.11
    3594.239     0.999805        10675      5120.00
    3612.671     0.999829        10676      5851.43
    3612.671     0.999854        10676      6826.67
    3612.671     0.999878        10676      8192.00
    3612.671     0.999890        10676      9102.22
    3612.671     0.999902        10676     10240.00
    4077.567     0.999915        10677     11702.86
    4077.567     1.000000        10677          inf
#[Mean    =      211.797, StdDeviation   =      504.953]
#[Max     =     4075.520, Total count    =        10677]
#[Buckets =           27, SubBuckets     =         2048]
-----------------------------------------------------------------------
  16643 requests in 30.03s, 3.03MB read
  Socket errors: connect 0, read 0, write 0, timeout 5
Requests/sec:    554.13  
Transfer/sec:    103.36KB
