Running 30s test @ http://10.105.96.67:8080/wrk2-api/home-timeline/read
  4 threads and 200 connections

  Thread calibration: mean lat.: 5.198ms, rate sampling interval: 10ms
  Thread calibration: mean lat.: 3.535ms, rate sampling interval: 10ms
  Thread calibration: mean lat.: 2.978ms, rate sampling interval: 10ms
  Thread calibration: mean lat.: 1.235ms, rate sampling interval: 10ms

-----------------------------------------------------------------------
Test Results @ http://10.105.96.67:8080/wrk2-api/home-timeline/read 
  Thread Stats   Avg      Stdev     99%   +/- Stdev
    Latency     1.20ms  209.12us   1.78ms   79.91%
    Req/Sec   181.70    141.87   600.00     65.08%
  Latency Distribution (HdrHistogram - Recorded Latency)
 50.000%    1.17ms
 75.000%    1.29ms
 90.000%    1.41ms
 99.000%    1.78ms
 99.900%    3.42ms
 99.990%    4.06ms
 99.999%    4.28ms
100.000%    4.28ms

  Detailed Percentile spectrum:
       Value   Percentile   TotalCount 1/(1-Percentile)

       0.703     0.000000            1         1.00
       0.991     0.100000         1389         1.11
       1.048     0.200000         2771         1.25
       1.095     0.300000         4148         1.43
       1.135     0.400000         5526         1.67
       1.172     0.500000         6896         2.00
       1.192     0.550000         7599         2.22
       1.210     0.600000         8262         2.50
       1.233     0.650000         8976         2.86
       1.258     0.700000         9641         3.33
       1.287     0.750000        10342         4.00
       1.302     0.775000        10673         4.44
       1.321     0.800000        11023         5.00
       1.339     0.825000        11352         5.71
       1.360     0.850000        11709         6.67
       1.386     0.875000        12044         8.00
       1.399     0.887500        12214         8.89
       1.414     0.900000        12400        10.00
       1.431     0.912500        12563        11.43
       1.449     0.925000        12729        13.33
       1.473     0.937500        12901        16.00
       1.488     0.943750        12988        17.78
       1.506     0.950000        13073        20.00
       1.525     0.956250        13159        22.86
       1.551     0.962500        13245        26.67
       1.573     0.968750        13330        32.00
       1.589     0.971875        13373        35.56
       1.606     0.975000        13416        40.00
       1.625     0.978125        13459        45.71
       1.648     0.981250        13503        53.33
       1.681     0.984375        13545        64.00
       1.696     0.985938        13567        71.11
       1.722     0.987500        13588        80.00
       1.764     0.989062        13610        91.43
       1.797     0.990625        13633       106.67
       1.850     0.992188        13652       128.00
       1.930     0.992969        13664       142.22
       2.029     0.993750        13674       160.00
       2.117     0.994531        13684       182.86
       2.211     0.995313        13695       213.33
       2.291     0.996094        13706       256.00
       2.399     0.996484        13711       284.44
       2.451     0.996875        13717       320.00
       2.525     0.997266        13722       365.71
       2.607     0.997656        13727       426.67
       2.827     0.998047        13733       512.00
       2.873     0.998242        13735       568.89
       2.995     0.998437        13738       640.00
       3.265     0.998633        13741       731.43
       3.323     0.998828        13743       853.33
       3.453     0.999023        13746      1024.00
       3.491     0.999121        13747      1137.78
       3.505     0.999219        13749      1280.00
       3.639     0.999316        13750      1462.86
       3.675     0.999414        13751      1706.67
       3.699     0.999512        13753      2048.00
       3.699     0.999561        13753      2275.56
       3.749     0.999609        13754      2560.00
       3.767     0.999658        13755      2925.71
       3.767     0.999707        13755      3413.33
       3.863     0.999756        13756      4096.00
       3.863     0.999780        13756      4551.11
       3.979     0.999805        13757      5120.00
       3.979     0.999829        13757      5851.43
       3.979     0.999854        13757      6826.67
       4.059     0.999878        13758      8192.00
       4.059     0.999890        13758      9102.22
       4.059     0.999902        13758     10240.00
       4.059     0.999915        13758     11702.86
       4.059     0.999927        13758     13653.33
       4.283     0.999939        13759     16384.00
       4.283     1.000000        13759          inf
#[Mean    =        1.197, StdDeviation   =        0.209]
#[Max     =        4.280, Total count    =        13759]
#[Buckets =           27, SubBuckets     =         2048]
-----------------------------------------------------------------------
  20545 requests in 30.00s, 3.43MB read
  Socket errors: connect 0, read 0, write 0, timeout 3
Requests/sec:    684.74  
Transfer/sec:    117.02KB
