Running 30s test @ http://10.105.96.67:8080/wrk2-api/post/compose
  4 threads and 200 connections

  Thread calibration: mean lat.: 223.301ms, rate sampling interval: 1663ms
  Thread calibration: mean lat.: 194.745ms, rate sampling interval: 1577ms
  Thread calibration: mean lat.: 182.059ms, rate sampling interval: 1488ms
  Thread calibration: mean lat.: 184.082ms, rate sampling interval: 1453ms

-----------------------------------------------------------------------
Test Results @ http://10.105.96.67:8080/wrk2-api/post/compose 
  Thread Stats   Avg      Stdev     99%   +/- Stdev
    Latency   707.40ms    1.29s    4.88s    83.65%
    Req/Sec   135.90     41.22   199.00     52.00%
  Latency Distribution (HdrHistogram - Recorded Latency)
 50.000%   14.73ms
 75.000%  845.31ms
 90.000%    2.92s 
 99.000%    4.88s 
 99.900%    5.68s 
 99.990%    6.16s 
 99.999%    6.17s 
100.000%    6.17s 

  Detailed Percentile spectrum:
       Value   Percentile   TotalCount 1/(1-Percentile)

       6.487     0.000000            1         1.00
       8.431     0.100000         1080         1.11
       9.439     0.200000         2151         1.25
      10.591     0.300000         3231         1.43
      12.263     0.400000         4308         1.67
      14.735     0.500000         5378         2.00
      16.863     0.550000         5915         2.22
      20.943     0.600000         6454         2.50
      35.487     0.650000         6994         2.86
     217.087     0.700000         7528         3.33
     845.311     0.750000         8067         4.00
    1175.551     0.775000         8335         4.44
    1517.567     0.800000         8604         5.00
    1860.607     0.825000         8874         5.71
    2199.551     0.850000         9141         6.67
    2578.431     0.875000         9412         8.00
    2756.607     0.887500         9545         8.89
    2920.447     0.900000         9679        10.00
    3131.391     0.912500         9815        11.43
    3323.903     0.925000         9950        13.33
    3536.895     0.937500        10082        16.00
    3651.583     0.943750        10150        17.78
    3766.271     0.950000        10217        20.00
    3883.007     0.956250        10284        22.86
    4040.703     0.962500        10352        26.67
    4206.591     0.968750        10418        32.00
    4296.703     0.971875        10452        35.56
    4370.431     0.975000        10486        40.00
    4476.927     0.978125        10519        45.71
    4591.615     0.981250        10555        53.33
    4677.631     0.984375        10586        64.00
    4751.359     0.985938        10603        71.11
    4804.607     0.987500        10621        80.00
    4853.759     0.989062        10637        91.43
    4911.103     0.990625        10655       106.67
    5021.695     0.992188        10670       128.00
    5062.655     0.992969        10679       142.22
    5111.807     0.993750        10687       160.00
    5173.247     0.994531        10696       182.86
    5226.495     0.995313        10704       213.33
    5279.743     0.996094        10712       256.00
    5304.319     0.996484        10717       284.44
    5328.895     0.996875        10721       320.00
    5341.183     0.997266        10725       365.71
    5369.855     0.997656        10729       426.67
    5447.679     0.998047        10733       512.00
    5513.215     0.998242        10736       568.89
    5574.655     0.998437        10738       640.00
    5603.327     0.998633        10740       731.43
    5652.479     0.998828        10742       853.33
    5697.535     0.999023        10744      1024.00
    5701.631     0.999121        10745      1137.78
    5754.879     0.999219        10746      1280.00
    5787.647     0.999316        10747      1462.86
    5799.935     0.999414        10748      1706.67
    5836.799     0.999512        10749      2048.00
    5918.719     0.999561        10750      2275.56
    5918.719     0.999609        10750      2560.00
    5947.391     0.999658        10751      2925.71
    5947.391     0.999707        10751      3413.33
    6070.271     0.999756        10752      4096.00
    6070.271     0.999780        10752      4551.11
    6070.271     0.999805        10752      5120.00
    6160.383     0.999829        10753      5851.43
    6160.383     0.999854        10753      6826.67
    6160.383     0.999878        10753      8192.00
    6160.383     0.999890        10753      9102.22
    6160.383     0.999902        10753     10240.00
    6172.671     0.999915        10754     11702.86
    6172.671     1.000000        10754          inf
#[Mean    =      707.404, StdDeviation   =     1287.222]
#[Max     =     6168.576, Total count    =        10754]
#[Buckets =           27, SubBuckets     =         2048]
-----------------------------------------------------------------------
  17700 requests in 30.02s, 3.22MB read
  Socket errors: connect 0, read 0, write 0, timeout 3
Requests/sec:    589.69  
Transfer/sec:    109.99KB
