Running 30s test @ http://10.105.96.67:8080/wrk2-api/home-timeline/read
  4 threads and 200 connections

  Thread calibration: mean lat.: 2.240ms, rate sampling interval: 10ms
  Thread calibration: mean lat.: 2.317ms, rate sampling interval: 10ms
  Thread calibration: mean lat.: 1.222ms, rate sampling interval: 10ms
  Thread calibration: mean lat.: 2.723ms, rate sampling interval: 10ms

-----------------------------------------------------------------------
Test Results @ http://10.105.96.67:8080/wrk2-api/home-timeline/read 
  Thread Stats   Avg      Stdev     99%   +/- Stdev
    Latency     1.19ms  249.45us   1.79ms   85.81%
    Req/Sec   209.76    151.16   666.00     71.55%
  Latency Distribution (HdrHistogram - Recorded Latency)
 50.000%    1.16ms
 75.000%    1.28ms
 90.000%    1.41ms
 99.000%    1.79ms
 99.900%    3.60ms
 99.990%    7.30ms
 99.999%   12.15ms
100.000%   12.15ms

  Detailed Percentile spectrum:
       Value   Percentile   TotalCount 1/(1-Percentile)

       0.758     0.000000            1         1.00
       0.974     0.100000         1592         1.11
       1.031     0.200000         3192         1.25
       1.077     0.300000         4771         1.43
       1.117     0.400000         6354         1.67
       1.157     0.500000         7959         2.00
       1.176     0.550000         8733         2.22
       1.198     0.600000         9545         2.50
       1.222     0.650000        10326         2.86
       1.248     0.700000        11125         3.33
       1.277     0.750000        11907         4.00
       1.295     0.775000        12319         4.44
       1.313     0.800000        12712         5.00
       1.332     0.825000        13098         5.71
       1.357     0.850000        13494         6.67
       1.383     0.875000        13882         8.00
       1.398     0.887500        14083         8.89
       1.415     0.900000        14289        10.00
       1.432     0.912500        14479        11.43
       1.454     0.925000        14680        13.33
       1.477     0.937500        14872        16.00
       1.491     0.943750        14973        17.78
       1.508     0.950000        15070        20.00
       1.525     0.956250        15170        22.86
       1.545     0.962500        15271        26.67
       1.571     0.968750        15368        32.00
       1.588     0.971875        15418        35.56
       1.606     0.975000        15467        40.00
       1.627     0.978125        15518        45.71
       1.654     0.981250        15566        53.33
       1.689     0.984375        15617        64.00
       1.712     0.985938        15640        71.11
       1.743     0.987500        15665        80.00
       1.779     0.989062        15691        91.43
       1.808     0.990625        15716       106.67
       1.883     0.992188        15740       128.00
       1.967     0.992969        15752       142.22
       2.029     0.993750        15764       160.00
       2.121     0.994531        15777       182.86
       2.211     0.995313        15790       213.33
       2.337     0.996094        15802       256.00
       2.395     0.996484        15808       284.44
       2.441     0.996875        15814       320.00
       2.653     0.997266        15820       365.71
       2.783     0.997656        15826       426.67
       3.193     0.998047        15833       512.00
       3.221     0.998242        15836       568.89
       3.309     0.998437        15839       640.00
       3.439     0.998633        15842       731.43
       3.491     0.998828        15845       853.33
       3.671     0.999023        15848      1024.00
       3.835     0.999121        15850      1137.78
       3.887     0.999219        15851      1280.00
       4.035     0.999316        15853      1462.86
       4.045     0.999414        15854      1706.67
       4.219     0.999512        15856      2048.00
       4.223     0.999561        15857      2275.56
       4.223     0.999609        15857      2560.00
       4.471     0.999658        15858      2925.71
       5.155     0.999707        15859      3413.33
       5.535     0.999756        15860      4096.00
       5.535     0.999780        15860      4551.11
       5.535     0.999805        15860      5120.00
       7.299     0.999829        15861      5851.43
       7.299     0.999854        15861      6826.67
       8.639     0.999878        15862      8192.00
       8.639     0.999890        15862      9102.22
       8.639     0.999902        15862     10240.00
       8.639     0.999915        15862     11702.86
       8.639     0.999927        15862     13653.33
      12.151     0.999939        15863     16384.00
      12.151     1.000000        15863          inf
#[Mean    =        1.187, StdDeviation   =        0.249]
#[Max     =       12.144, Total count    =        15863]
#[Buckets =           27, SubBuckets     =         2048]
-----------------------------------------------------------------------
  23652 requests in 30.00s, 3.95MB read
  Socket errors: connect 0, read 0, write 0, timeout 3
Requests/sec:    788.34  
Transfer/sec:    134.73KB
