Running 30s test @ http://10.105.96.67:8080/wrk2-api/post/compose
  4 threads and 200 connections

  Thread calibration: mean lat.: 374.321ms, rate sampling interval: 2164ms
  Thread calibration: mean lat.: 333.022ms, rate sampling interval: 1872ms
  Thread calibration: mean lat.: 361.216ms, rate sampling interval: 2037ms
  Thread calibration: mean lat.: 289.870ms, rate sampling interval: 1681ms

-----------------------------------------------------------------------
Test Results @ http://10.105.96.67:8080/wrk2-api/post/compose 
  Thread Stats   Avg      Stdev     99%   +/- Stdev
    Latency     1.30s     1.99s    7.10s    81.55%
    Req/Sec   135.90     51.55   222.00     69.23%
  Latency Distribution (HdrHistogram - Recorded Latency)
 50.000%   30.09ms
 75.000%    2.24s 
 90.000%    4.73s 
 99.000%    7.10s 
 99.900%    8.42s 
 99.990%    8.87s 
 99.999%    9.18s 
100.000%    9.18s 

  Detailed Percentile spectrum:
       Value   Percentile   TotalCount 1/(1-Percentile)

       6.179     0.000000            1         1.00
       9.799     0.100000         1067         1.11
      11.831     0.200000         2128         1.25
      15.063     0.300000         3191         1.43
      20.399     0.400000         4255         1.67
      30.095     0.500000         5319         2.00
      50.079     0.550000         5850         2.22
     204.543     0.600000         6381         2.50
     827.903     0.650000         6913         2.86
    1506.303     0.700000         7446         3.33
    2240.511     0.750000         7978         4.00
    2613.247     0.775000         8244         4.44
    3037.183     0.800000         8509         5.00
    3454.975     0.825000         8775         5.71
    3872.767     0.850000         9040         6.67
    4292.607     0.875000         9308         8.00
    4497.407     0.887500         9443         8.89
    4726.783     0.900000         9574        10.00
    4939.775     0.912500         9706        11.43
    5169.151     0.925000         9838        13.33
    5410.815     0.937500         9972        16.00
    5558.271     0.943750        10038        17.78
    5722.111     0.950000        10104        20.00
    5865.471     0.956250        10171        22.86
    6049.791     0.962500        10237        26.67
    6246.399     0.968750        10304        32.00
    6348.799     0.971875        10336        35.56
    6438.911     0.975000        10370        40.00
    6524.927     0.978125        10403        45.71
    6680.575     0.981250        10437        53.33
    6803.455     0.984375        10470        64.00
    6852.607     0.985938        10486        71.11
    6963.199     0.987500        10505        80.00
    7057.407     0.989062        10519        91.43
    7163.903     0.990625        10536       106.67
    7258.111     0.992188        10552       128.00
    7360.511     0.992969        10561       142.22
    7409.663     0.993750        10569       160.00
    7446.527     0.994531        10577       182.86
    7553.023     0.995313        10586       213.33
    7651.327     0.996094        10595       256.00
    7679.999     0.996484        10598       284.44
    7708.671     0.996875        10602       320.00
    7798.783     0.997266        10606       365.71
    7905.279     0.997656        10611       426.67
    7995.391     0.998047        10615       512.00
    8097.791     0.998242        10617       568.89
    8130.559     0.998437        10619       640.00
    8179.711     0.998633        10621       731.43
    8290.303     0.998828        10623       853.33
    8445.951     0.999023        10625      1024.00
    8478.719     0.999121        10626      1137.78
    8511.487     0.999219        10627      1280.00
    8577.023     0.999316        10628      1462.86
    8617.983     0.999414        10629      1706.67
    8626.175     0.999512        10630      2048.00
    8634.367     0.999561        10631      2275.56
    8634.367     0.999609        10631      2560.00
    8708.095     0.999658        10632      2925.71
    8708.095     0.999707        10632      3413.33
    8839.167     0.999756        10633      4096.00
    8839.167     0.999780        10633      4551.11
    8839.167     0.999805        10633      5120.00
    8871.935     0.999829        10634      5851.43
    8871.935     0.999854        10634      6826.67
    8871.935     0.999878        10634      8192.00
    8871.935     0.999890        10634      9102.22
    8871.935     0.999902        10634     10240.00
    9183.231     0.999915        10635     11702.86
    9183.231     1.000000        10635          inf
#[Mean    =     1296.811, StdDeviation   =     1994.212]
#[Max     =     9175.040, Total count    =        10635]
#[Buckets =           27, SubBuckets     =         2048]
-----------------------------------------------------------------------
  18577 requests in 30.05s, 3.38MB read
Requests/sec:    618.11  
Transfer/sec:    115.29KB
