Running 30s test @ http://10.105.96.67:8080/wrk2-api/post/compose
  4 threads and 200 connections

  Thread calibration: mean lat.: 994.309ms, rate sampling interval: 3753ms
  Thread calibration: mean lat.: 977.168ms, rate sampling interval: 3770ms
  Thread calibration: mean lat.: 966.474ms, rate sampling interval: 3545ms
  Thread calibration: mean lat.: 913.129ms, rate sampling interval: 3573ms

-----------------------------------------------------------------------
Test Results @ http://10.105.96.67:8080/wrk2-api/post/compose 
  Thread Stats   Avg      Stdev     99%   +/- Stdev
    Latency     2.65s     2.60s    9.71s    80.93%
    Req/Sec   138.40     58.92   223.00     70.00%
  Latency Distribution (HdrHistogram - Recorded Latency)
 50.000%    1.54s 
 75.000%    4.30s 
 90.000%    6.86s 
 99.000%    9.71s 
 99.900%   11.86s 
 99.990%   13.76s 
 99.999%   13.79s 
100.000%   13.79s 

  Detailed Percentile spectrum:
       Value   Percentile   TotalCount 1/(1-Percentile)

     172.927     0.000000            1         1.00
     296.447     0.100000         1078         1.11
     487.935     0.200000         2155         1.25
     724.991     0.300000         3231         1.43
    1049.599     0.400000         4310         1.67
    1544.191     0.500000         5386         2.00
    1848.319     0.550000         5923         2.22
    2287.615     0.600000         6461         2.50
    2834.431     0.650000         7001         2.86
    3481.599     0.700000         7538         3.33
    4304.895     0.750000         8078         4.00
    4661.247     0.775000         8346         4.44
    5099.519     0.800000         8615         5.00
    5517.311     0.825000         8885         5.71
    5959.679     0.850000         9160         6.67
    6434.815     0.875000         9426         8.00
    6639.615     0.887500         9557         8.89
    6864.895     0.900000         9692        10.00
    7086.079     0.912500         9826        11.43
    7348.223     0.925000         9961        13.33
    7634.943     0.937500        10095        16.00
    7790.591     0.943750        10164        17.78
    7921.663     0.950000        10231        20.00
    8118.271     0.956250        10298        22.86
    8323.071     0.962500        10367        26.67
    8503.295     0.968750        10432        32.00
    8634.367     0.971875        10466        35.56
    8773.631     0.975000        10500        40.00
    8896.511     0.978125        10533        45.71
    9035.775     0.981250        10568        53.33
    9215.999     0.984375        10600        64.00
    9322.495     0.985938        10619        71.11
    9445.375     0.987500        10638        80.00
    9576.447     0.989062        10651        91.43
    9781.247     0.990625        10669       106.67
    9977.855     0.992188        10684       128.00
   10092.543     0.992969        10693       142.22
   10207.231     0.993750        10701       160.00
   10338.303     0.994531        10710       182.86
   10518.527     0.995313        10719       213.33
   10690.559     0.996094        10727       256.00
   10805.247     0.996484        10731       284.44
   10854.399     0.996875        10735       320.00
   11001.855     0.997266        10739       365.71
   11263.999     0.997656        10743       426.67
   11337.727     0.998047        10747       512.00
   11395.071     0.998242        10750       568.89
   11493.375     0.998437        10752       640.00
   11706.367     0.998633        10754       731.43
   11821.055     0.998828        10756       853.33
   11902.975     0.999023        10758      1024.00
   12222.463     0.999121        10759      1137.78
   12271.615     0.999219        10760      1280.00
   12419.071     0.999316        10761      1462.86
   12582.911     0.999414        10762      1706.67
   12902.399     0.999512        10763      2048.00
   13107.199     0.999561        10764      2275.56
   13107.199     0.999609        10764      2560.00
   13484.031     0.999658        10765      2925.71
   13484.031     0.999707        10765      3413.33
   13508.607     0.999756        10766      4096.00
   13508.607     0.999780        10766      4551.11
   13508.607     0.999805        10766      5120.00
   13762.559     0.999829        10767      5851.43
   13762.559     0.999854        10767      6826.67
   13762.559     0.999878        10767      8192.00
   13762.559     0.999890        10767      9102.22
   13762.559     0.999902        10767     10240.00
   13787.135     0.999915        10768     11702.86
   13787.135     1.000000        10768          inf
#[Mean    =     2652.872, StdDeviation   =     2595.374]
#[Max     =    13778.944, Total count    =        10768]
#[Buckets =           27, SubBuckets     =         2048]
-----------------------------------------------------------------------
  18932 requests in 30.02s, 3.45MB read
Requests/sec:    630.61  
Transfer/sec:    117.62KB
