Running 30s test @ http://10.105.96.67:8080/wrk2-api/home-timeline/read
  4 threads and 200 connections

  Thread calibration: mean lat.: 3.405ms, rate sampling interval: 10ms
  Thread calibration: mean lat.: 2.566ms, rate sampling interval: 10ms
  Thread calibration: mean lat.: 3.285ms, rate sampling interval: 10ms
  Thread calibration: mean lat.: 2.814ms, rate sampling interval: 10ms

-----------------------------------------------------------------------
Test Results @ http://10.105.96.67:8080/wrk2-api/home-timeline/read 
  Thread Stats   Avg      Stdev     99%   +/- Stdev
    Latency     1.17ms  219.55us   1.84ms   79.62%
    Req/Sec   235.77    160.70   666.00     69.50%
  Latency Distribution (HdrHistogram - Recorded Latency)
 50.000%    1.14ms
 75.000%    1.26ms
 90.000%    1.41ms
 99.000%    1.84ms
 99.900%    3.38ms
 99.990%    4.64ms
 99.999%    5.16ms
100.000%    5.16ms

  Detailed Percentile spectrum:
       Value   Percentile   TotalCount 1/(1-Percentile)

       0.723     0.000000            1         1.00
       0.959     0.100000         1807         1.11
       1.015     0.200000         3570         1.25
       1.061     0.300000         5377         1.43
       1.102     0.400000         7164         1.67
       1.142     0.500000         8960         2.00
       1.161     0.550000         9836         2.22
       1.182     0.600000        10754         2.50
       1.206     0.650000        11617         2.86
       1.233     0.700000        12517         3.33
       1.265     0.750000        13400         4.00
       1.284     0.775000        13837         4.44
       1.305     0.800000        14291         5.00
       1.328     0.825000        14733         5.71
       1.351     0.850000        15173         6.67
       1.379     0.875000        15633         8.00
       1.395     0.887500        15850         8.89
       1.413     0.900000        16074        10.00
       1.432     0.912500        16297        11.43
       1.456     0.925000        16512        13.33
       1.481     0.937500        16738        16.00
       1.495     0.943750        16847        17.78
       1.511     0.950000        16960        20.00
       1.530     0.956250        17071        22.86
       1.554     0.962500        17181        26.67
       1.589     0.968750        17299        32.00
       1.606     0.971875        17349        35.56
       1.627     0.975000        17405        40.00
       1.654     0.978125        17461        45.71
       1.681     0.981250        17516        53.33
       1.719     0.984375        17572        64.00
       1.748     0.985938        17601        71.11
       1.768     0.987500        17627        80.00
       1.811     0.989062        17655        91.43
       1.868     0.990625        17683       106.67
       1.940     0.992188        17711       128.00
       1.995     0.992969        17725       142.22
       2.040     0.993750        17739       160.00
       2.097     0.994531        17753       182.86
       2.151     0.995313        17767       213.33
       2.239     0.996094        17781       256.00
       2.279     0.996484        17788       284.44
       2.323     0.996875        17795       320.00
       2.371     0.997266        17802       365.71
       2.459     0.997656        17809       426.67
       2.555     0.998047        17816       512.00
       2.763     0.998242        17819       568.89
       2.881     0.998437        17823       640.00
       3.029     0.998633        17826       731.43
       3.309     0.998828        17830       853.33
       3.417     0.999023        17833      1024.00
       3.475     0.999121        17835      1137.78
       3.521     0.999219        17837      1280.00
       3.577     0.999316        17838      1462.86
       3.653     0.999414        17840      1706.67
       3.687     0.999512        17842      2048.00
       3.703     0.999561        17843      2275.56
       3.831     0.999609        17844      2560.00
       3.831     0.999658        17844      2925.71
       3.925     0.999707        17845      3413.33
       4.147     0.999756        17846      4096.00
       4.175     0.999780        17847      4551.11
       4.175     0.999805        17847      5120.00
       4.175     0.999829        17847      5851.43
       4.635     0.999854        17848      6826.67
       4.635     0.999878        17848      8192.00
       4.799     0.999890        17849      9102.22
       4.799     0.999902        17849     10240.00
       4.799     0.999915        17849     11702.86
       4.799     0.999927        17849     13653.33
       4.799     0.999939        17849     16384.00
       5.159     0.999945        17850     18204.44
       5.159     1.000000        17850          inf
#[Mean    =        1.173, StdDeviation   =        0.220]
#[Max     =        5.156, Total count    =        17850]
#[Buckets =           27, SubBuckets     =         2048]
-----------------------------------------------------------------------
  26815 requests in 30.01s, 4.48MB read
Requests/sec:    893.52  
Transfer/sec:    152.70KB
