Running 30s test @ http://10.111.138.180:8080/wrk2-api/post/compose
  4 threads and 200 connections

  Thread calibration: mean lat.: 5192.678ms, rate sampling interval: 13582ms
  Thread calibration: mean lat.: 5190.060ms, rate sampling interval: 13524ms
  Thread calibration: mean lat.: 5243.454ms, rate sampling interval: 14049ms
  Thread calibration: mean lat.: 5124.650ms, rate sampling interval: 13819ms

-----------------------------------------------------------------------
Test Results @ http://10.111.138.180:8080/wrk2-api/post/compose 
  Thread Stats   Avg      Stdev     99%   +/- Stdev
    Latency     7.68s     2.08s   14.25s    74.81%
    Req/Sec   202.75      1.92   205.00    100.00%
  Latency Distribution (HdrHistogram - Recorded Latency)
 50.000%    7.29s 
 75.000%    8.57s 
 90.000%   10.50s 
 99.000%   14.25s 
 99.900%   15.89s 
 99.990%   16.76s 
 99.999%   17.02s 
100.000%   17.02s 

  Detailed Percentile spectrum:
       Value   Percentile   TotalCount 1/(1-Percentile)

    1519.615     0.000000            1         1.00
    5492.735     0.100000         1339         1.11
    6152.191     0.200000         2671         1.25
    6582.271     0.300000         4014         1.43
    6926.335     0.400000         5340         1.67
    7290.879     0.500000         6675         2.00
    7487.487     0.550000         7346         2.22
    7712.767     0.600000         8017         2.50
    7966.719     0.650000         8677         2.86
    8253.439     0.700000         9351         3.33
    8568.831     0.750000        10019         4.00
    8757.247     0.775000        10344         4.44
    8994.815     0.800000        10677         5.00
    9265.151     0.825000        11017         5.71
    9601.023     0.850000        11350         6.67
   10002.431     0.875000        11684         8.00
   10239.999     0.887500        11847         8.89
   10502.143     0.900000        12011        10.00
   10813.439     0.912500        12181        11.43
   11173.887     0.925000        12349        13.33
   11583.487     0.937500        12514        16.00
   11796.479     0.943750        12601        17.78
   12025.855     0.950000        12681        20.00
   12263.423     0.956250        12762        22.86
   12517.375     0.962500        12847        26.67
   12771.327     0.968750        12931        32.00
   12910.591     0.971875        12972        35.56
   13090.815     0.975000        13013        40.00
   13262.847     0.978125        13055        45.71
   13475.839     0.981250        13095        53.33
   13729.791     0.984375        13140        64.00
   13860.863     0.985938        13158        71.11
   13983.743     0.987500        13179        80.00
   14139.391     0.989062        13201        91.43
   14311.423     0.990625        13220       106.67
   14491.647     0.992188        13241       128.00
   14581.759     0.992969        13252       142.22
   14680.063     0.993750        13262       160.00
   14827.519     0.994531        13274       182.86
   14934.015     0.995313        13284       213.33
   15040.511     0.996094        13293       256.00
   15089.663     0.996484        13299       284.44
   15237.119     0.996875        13304       320.00
   15359.999     0.997266        13309       365.71
   15409.151     0.997656        13314       426.67
   15474.687     0.998047        13319       512.00
   15581.183     0.998242        13322       568.89
   15654.911     0.998437        13325       640.00
   15720.447     0.998633        13327       731.43
   15884.287     0.998828        13330       853.33
   15892.479     0.999023        13332      1024.00
   15958.015     0.999121        13334      1137.78
   15974.399     0.999219        13335      1280.00
   15982.591     0.999316        13336      1462.86
   16080.895     0.999414        13338      1706.67
   16211.967     0.999512        13339      2048.00
   16244.735     0.999561        13340      2275.56
   16244.735     0.999609        13340      2560.00
   16293.887     0.999658        13341      2925.71
   16433.151     0.999707        13342      3413.33
   16433.151     0.999756        13342      4096.00
   16752.639     0.999780        13343      4551.11
   16752.639     0.999805        13343      5120.00
   16752.639     0.999829        13343      5851.43
   16760.831     0.999854        13344      6826.67
   16760.831     0.999878        13344      8192.00
   16760.831     0.999890        13344      9102.22
   16760.831     0.999902        13344     10240.00
   16760.831     0.999915        13344     11702.86
   17022.975     0.999927        13345     13653.33
   17022.975     1.000000        13345          inf
#[Mean    =     7678.718, StdDeviation   =     2078.342]
#[Max     =    17006.592, Total count    =        13345]
#[Buckets =           27, SubBuckets     =         2048]
-----------------------------------------------------------------------
  16924 requests in 30.00s, 3.08MB read
Requests/sec:    564.13  
Transfer/sec:    105.23KB
