Running 30s test @ http://10.111.138.180:8080/wrk2-api/home-timeline/read
  4 threads and 200 connections

  Thread calibration: mean lat.: 4.533ms, rate sampling interval: 10ms
  Thread calibration: mean lat.: 5.194ms, rate sampling interval: 10ms
  Thread calibration: mean lat.: 4.536ms, rate sampling interval: 10ms
  Thread calibration: mean lat.: 4.227ms, rate sampling interval: 10ms

-----------------------------------------------------------------------
Test Results @ http://10.111.138.180:8080/wrk2-api/home-timeline/read 
  Thread Stats   Avg      Stdev     99%   +/- Stdev
    Latency     1.15ms  214.01us   1.85ms   79.58%
    Req/Sec   264.09    169.50   700.00     74.07%
  Latency Distribution (HdrHistogram - Recorded Latency)
 50.000%    1.11ms
 75.000%    1.23ms
 90.000%    1.38ms
 99.000%    1.85ms
 99.900%    2.97ms
 99.990%    4.57ms
 99.999%    4.74ms
100.000%    4.74ms

  Detailed Percentile spectrum:
       Value   Percentile   TotalCount 1/(1-Percentile)

       0.737     0.000000            1         1.00
       0.939     0.100000         2019         1.11
       0.992     0.200000         4023         1.25
       1.035     0.300000         6010         1.43
       1.076     0.400000         8044         1.67
       1.114     0.500000        10007         2.00
       1.135     0.550000        11060         2.22
       1.155     0.600000        12001         2.50
       1.178     0.650000        13006         2.86
       1.204     0.700000        14024         3.33
       1.234     0.750000        15013         4.00
       1.251     0.775000        15509         4.44
       1.269     0.800000        16015         5.00
       1.291     0.825000        16495         5.71
       1.318     0.850000        16997         6.67
       1.348     0.875000        17503         8.00
       1.364     0.887500        17747         8.89
       1.381     0.900000        18000        10.00
       1.401     0.912500        18246        11.43
       1.425     0.925000        18494        13.33
       1.451     0.937500        18744        16.00
       1.470     0.943750        18873        17.78
       1.490     0.950000        18998        20.00
       1.510     0.956250        19119        22.86
       1.536     0.962500        19247        26.67
       1.565     0.968750        19370        32.00
       1.584     0.971875        19431        35.56
       1.612     0.975000        19493        40.00
       1.636     0.978125        19555        45.71
       1.669     0.981250        19619        53.33
       1.714     0.984375        19680        64.00
       1.736     0.985938        19711        71.11
       1.774     0.987500        19743        80.00
       1.813     0.989062        19774        91.43
       1.870     0.990625        19807       106.67
       1.925     0.992188        19837       128.00
       1.953     0.992969        19852       142.22
       1.992     0.993750        19868       160.00
       2.027     0.994531        19883       182.86
       2.111     0.995313        19899       213.33
       2.173     0.996094        19914       256.00
       2.207     0.996484        19922       284.44
       2.261     0.996875        19931       320.00
       2.313     0.997266        19938       365.71
       2.405     0.997656        19946       426.67
       2.517     0.998047        19953       512.00
       2.531     0.998242        19957       568.89
       2.557     0.998437        19961       640.00
       2.637     0.998633        19965       731.43
       2.819     0.998828        19969       853.33
       2.979     0.999023        19973      1024.00
       3.117     0.999121        19975      1137.78
       3.267     0.999219        19977      1280.00
       3.507     0.999316        19979      1462.86
       3.553     0.999414        19981      1706.67
       3.641     0.999512        19983      2048.00
       3.645     0.999561        19984      2275.56
       3.985     0.999609        19985      2560.00
       4.081     0.999658        19986      2925.71
       4.171     0.999707        19987      3413.33
       4.287     0.999756        19988      4096.00
       4.287     0.999780        19988      4551.11
       4.303     0.999805        19989      5120.00
       4.303     0.999829        19989      5851.43
       4.575     0.999854        19990      6826.67
       4.575     0.999878        19990      8192.00
       4.575     0.999890        19990      9102.22
       4.667     0.999902        19991     10240.00
       4.667     0.999915        19991     11702.86
       4.667     0.999927        19991     13653.33
       4.667     0.999939        19991     16384.00
       4.667     0.999945        19991     18204.44
       4.739     0.999951        19992     20480.00
       4.739     1.000000        19992          inf
#[Mean    =        1.147, StdDeviation   =        0.214]
#[Max     =        4.736, Total count    =        19992]
#[Buckets =           27, SubBuckets     =         2048]
-----------------------------------------------------------------------
  29880 requests in 30.00s, 4.99MB read
Requests/sec:    995.97  
Transfer/sec:    170.21KB
