Running 30s test @ http://10.111.138.180:8080/wrk2-api/post/compose
  4 threads and 200 connections

  Thread calibration: mean lat.: 940.509ms, rate sampling interval: 5173ms
  Thread calibration: mean lat.: 955.883ms, rate sampling interval: 5214ms
  Thread calibration: mean lat.: 1005.142ms, rate sampling interval: 5439ms
  Thread calibration: mean lat.: 1014.143ms, rate sampling interval: 5382ms

-----------------------------------------------------------------------
Test Results @ http://10.111.138.180:8080/wrk2-api/post/compose 
  Thread Stats   Avg      Stdev     99%   +/- Stdev
    Latency    12.41ms   23.06ms 135.55ms   98.57%
    Req/Sec   123.42      4.63   132.00     75.00%
  Latency Distribution (HdrHistogram - Recorded Latency)
 50.000%    9.21ms
 75.000%   10.70ms
 90.000%   13.32ms
 99.000%  135.55ms
 99.900%  288.51ms
 99.990%  317.44ms
 99.999%  450.30ms
100.000%  450.30ms

  Detailed Percentile spectrum:
       Value   Percentile   TotalCount 1/(1-Percentile)

       6.527     0.000000            1         1.00
       7.739     0.100000          982         1.11
       8.123     0.200000         1969         1.25
       8.471     0.300000         2954         1.43
       8.823     0.400000         3930         1.67
       9.207     0.500000         4910         2.00
       9.431     0.550000         5400         2.22
       9.671     0.600000         5888         2.50
       9.959     0.650000         6380         2.86
      10.311     0.700000         6873         3.33
      10.703     0.750000         7353         4.00
      10.951     0.775000         7601         4.44
      11.223     0.800000         7842         5.00
      11.519     0.825000         8086         5.71
      11.983     0.850000         8337         6.67
      12.559     0.875000         8577         8.00
      12.919     0.887500         8701         8.89
      13.319     0.900000         8823        10.00
      13.807     0.912500         8944        11.43
      14.503     0.925000         9066        13.33
      15.223     0.937500         9189        16.00
      15.703     0.943750         9251        17.78
      16.279     0.950000         9311        20.00
      17.039     0.956250         9374        22.86
      18.015     0.962500         9434        26.67
      19.295     0.968750         9498        32.00
      20.255     0.971875         9527        35.56
      20.975     0.975000         9556        40.00
      22.687     0.978125         9587        45.71
      26.079     0.981250         9618        53.33
      30.719     0.984375         9648        64.00
      35.967     0.985938         9664        71.11
      55.007     0.987500         9679        80.00
      85.887     0.989062         9694        91.43
     148.223     0.990625         9710       106.67
     203.903     0.992188         9725       128.00
     212.479     0.992969         9733       142.22
     215.679     0.993750         9740       160.00
     221.055     0.994531         9748       182.86
     227.199     0.995313         9756       213.33
     238.719     0.996094         9763       256.00
     244.095     0.996484         9767       284.44
     258.815     0.996875         9771       320.00
     262.015     0.997266         9776       365.71
     263.167     0.997656         9779       426.67
     277.247     0.998047         9782       512.00
     279.807     0.998242         9784       568.89
     280.319     0.998437         9786       640.00
     282.367     0.998633         9788       731.43
     287.231     0.998828         9790       853.33
     289.791     0.999023         9792      1024.00
     291.071     0.999121         9793      1137.78
     292.095     0.999219         9794      1280.00
     293.887     0.999316         9796      1462.86
     293.887     0.999414         9796      1706.67
     296.191     0.999512         9797      2048.00
     296.191     0.999561         9797      2275.56
     302.079     0.999609         9798      2560.00
     302.079     0.999658         9798      2925.71
     306.431     0.999707         9799      3413.33
     306.431     0.999756         9799      4096.00
     306.431     0.999780         9799      4551.11
     317.439     0.999805         9800      5120.00
     317.439     0.999829         9800      5851.43
     317.439     0.999854         9800      6826.67
     317.439     0.999878         9800      8192.00
     317.439     0.999890         9800      9102.22
     450.303     0.999902         9801     10240.00
     450.303     1.000000         9801          inf
#[Mean    =       12.409, StdDeviation   =       23.057]
#[Max     =      450.048, Total count    =         9801]
#[Buckets =           27, SubBuckets     =         2048]
-----------------------------------------------------------------------
  14778 requests in 30.01s, 2.69MB read
  Socket errors: connect 0, read 0, write 0, timeout 20
Requests/sec:    492.40  
Transfer/sec:     91.85KB
