Running 30s test @ http://10.111.138.180:8080/wrk2-api/home-timeline/read
  4 threads and 200 connections

  Thread calibration: mean lat.: 1.505ms, rate sampling interval: 10ms
  Thread calibration: mean lat.: 1.396ms, rate sampling interval: 10ms
  Thread calibration: mean lat.: 1.437ms, rate sampling interval: 10ms
  Thread calibration: mean lat.: 1.413ms, rate sampling interval: 10ms

-----------------------------------------------------------------------
Test Results @ http://10.111.138.180:8080/wrk2-api/home-timeline/read 
  Thread Stats   Avg      Stdev     99%   +/- Stdev
    Latency     1.21ms  197.26us   1.73ms   79.52%
    Req/Sec   131.29    119.83   500.00     57.67%
  Latency Distribution (HdrHistogram - Recorded Latency)
 50.000%    1.19ms
 75.000%    1.30ms
 90.000%    1.41ms
 99.000%    1.73ms
 99.900%    3.41ms
 99.990%    4.25ms
 99.999%    4.50ms
100.000%    4.50ms

  Detailed Percentile spectrum:
       Value   Percentile   TotalCount 1/(1-Percentile)

       0.727     0.000000            1         1.00
       1.012     0.100000          996         1.11
       1.077     0.200000         2001         1.25
       1.119     0.300000         2993         1.43
       1.159     0.400000         4006         1.67
       1.194     0.500000         5000         2.00
       1.211     0.550000         5476         2.22
       1.231     0.600000         5979         2.50
       1.250     0.650000         6477         2.86
       1.274     0.700000         6969         3.33
       1.300     0.750000         7472         4.00
       1.315     0.775000         7732         4.44
       1.330     0.800000         7969         5.00
       1.347     0.825000         8214         5.71
       1.368     0.850000         8473         6.67
       1.388     0.875000         8711         8.00
       1.399     0.887500         8844         8.89
       1.415     0.900000         8963        10.00
       1.429     0.912500         9088        11.43
       1.445     0.925000         9211        13.33
       1.469     0.937500         9339        16.00
       1.479     0.943750         9397        17.78
       1.492     0.950000         9463        20.00
       1.505     0.956250         9520        22.86
       1.527     0.962500         9582        26.67
       1.555     0.968750         9646        32.00
       1.570     0.971875         9678        35.56
       1.584     0.975000         9709        40.00
       1.603     0.978125         9739        45.71
       1.622     0.981250         9770        53.33
       1.642     0.984375         9800        64.00
       1.656     0.985938         9816        71.11
       1.687     0.987500         9831        80.00
       1.715     0.989062         9848        91.43
       1.738     0.990625         9863       106.67
       1.782     0.992188         9878       128.00
       1.806     0.992969         9886       142.22
       1.838     0.993750         9893       160.00
       1.890     0.994531         9901       182.86
       1.982     0.995313         9909       213.33
       2.145     0.996094         9917       256.00
       2.229     0.996484         9921       284.44
       2.257     0.996875         9924       320.00
       2.273     0.997266         9928       365.71
       2.319     0.997656         9932       426.67
       2.661     0.998047         9936       512.00
       2.857     0.998242         9938       568.89
       3.031     0.998437         9940       640.00
       3.241     0.998633         9942       731.43
       3.373     0.998828         9944       853.33
       3.469     0.999023         9946      1024.00
       3.505     0.999121         9947      1137.78
       3.651     0.999219         9948      1280.00
       3.673     0.999316         9949      1462.86
       3.845     0.999414         9950      1706.67
       3.863     0.999512         9951      2048.00
       3.863     0.999561         9951      2275.56
       3.905     0.999609         9952      2560.00
       3.905     0.999658         9952      2925.71
       4.183     0.999707         9953      3413.33
       4.183     0.999756         9953      4096.00
       4.183     0.999780         9953      4551.11
       4.247     0.999805         9954      5120.00
       4.247     0.999829         9954      5851.43
       4.247     0.999854         9954      6826.67
       4.247     0.999878         9954      8192.00
       4.247     0.999890         9954      9102.22
       4.503     0.999902         9955     10240.00
       4.503     1.000000         9955          inf
#[Mean    =        1.212, StdDeviation   =        0.197]
#[Max     =        4.500, Total count    =         9955]
#[Buckets =           27, SubBuckets     =         2048]
-----------------------------------------------------------------------
  14941 requests in 30.02s, 2.49MB read
  Socket errors: connect 0, read 0, write 0, timeout 21
Requests/sec:    497.67  
Transfer/sec:     85.05KB
