Running 30s test @ http://10.111.138.180:8080/wrk2-api/home-timeline/read
  4 threads and 200 connections

  Thread calibration: mean lat.: 1.972ms, rate sampling interval: 10ms
  Thread calibration: mean lat.: 1.929ms, rate sampling interval: 10ms
  Thread calibration: mean lat.: 1.924ms, rate sampling interval: 10ms
  Thread calibration: mean lat.: 1.972ms, rate sampling interval: 10ms

-----------------------------------------------------------------------
Test Results @ http://10.111.138.180:8080/wrk2-api/home-timeline/read 
  Thread Stats   Avg      Stdev     99%   +/- Stdev
    Latency     1.20ms  200.04us   1.74ms   78.63%
    Req/Sec   156.87    131.22   555.00     57.28%
  Latency Distribution (HdrHistogram - Recorded Latency)
 50.000%    1.18ms
 75.000%    1.29ms
 90.000%    1.42ms
 99.000%    1.74ms
 99.900%    3.30ms
 99.990%    4.01ms
 99.999%    4.32ms
100.000%    4.32ms

  Detailed Percentile spectrum:
       Value   Percentile   TotalCount 1/(1-Percentile)

       0.756     0.000000            1         1.00
       1.001     0.100000         1211         1.11
       1.058     0.200000         2387         1.25
       1.100     0.300000         3572         1.43
       1.139     0.400000         4759         1.67
       1.177     0.500000         5973         2.00
       1.196     0.550000         6539         2.22
       1.217     0.600000         7156         2.50
       1.238     0.650000         7742         2.86
       1.263     0.700000         8328         3.33
       1.292     0.750000         8910         4.00
       1.308     0.775000         9211         4.44
       1.326     0.800000         9516         5.00
       1.346     0.825000         9811         5.71
       1.366     0.850000        10096         6.67
       1.390     0.875000        10399         8.00
       1.406     0.887500        10546         8.89
       1.423     0.900000        10689        10.00
       1.439     0.912500        10844        11.43
       1.456     0.925000        10987        13.33
       1.478     0.937500        11135        16.00
       1.492     0.943750        11209        17.78
       1.510     0.950000        11287        20.00
       1.529     0.956250        11361        22.86
       1.544     0.962500        11430        26.67
       1.572     0.968750        11505        32.00
       1.586     0.971875        11547        35.56
       1.600     0.975000        11581        40.00
       1.614     0.978125        11617        45.71
       1.637     0.981250        11653        53.33
       1.663     0.984375        11691        64.00
       1.675     0.985938        11710        71.11
       1.692     0.987500        11728        80.00
       1.714     0.989062        11747        91.43
       1.762     0.990625        11764       106.67
       1.826     0.992188        11783       128.00
       1.852     0.992969        11792       142.22
       1.910     0.993750        11801       160.00
       1.967     0.994531        11811       182.86
       2.051     0.995313        11820       213.33
       2.145     0.996094        11829       256.00
       2.183     0.996484        11834       284.44
       2.265     0.996875        11838       320.00
       2.375     0.997266        11843       365.71
       2.473     0.997656        11848       426.67
       2.709     0.998047        11852       512.00
       2.761     0.998242        11855       568.89
       2.823     0.998437        11857       640.00
       2.891     0.998633        11859       731.43
       3.037     0.998828        11862       853.33
       3.359     0.999023        11865      1024.00
       3.359     0.999121        11865      1137.78
       3.369     0.999219        11866      1280.00
       3.407     0.999316        11867      1462.86
       3.591     0.999414        11869      1706.67
       3.645     0.999512        11870      2048.00
       3.645     0.999561        11870      2275.56
       3.709     0.999609        11871      2560.00
       3.709     0.999658        11871      2925.71
       3.781     0.999707        11872      3413.33
       3.945     0.999756        11873      4096.00
       3.945     0.999780        11873      4551.11
       3.945     0.999805        11873      5120.00
       3.945     0.999829        11873      5851.43
       4.005     0.999854        11874      6826.67
       4.005     0.999878        11874      8192.00
       4.005     0.999890        11874      9102.22
       4.005     0.999902        11874     10240.00
       4.005     0.999915        11874     11702.86
       4.323     0.999927        11875     13653.33
       4.323     1.000000        11875          inf
#[Mean    =        1.202, StdDeviation   =        0.200]
#[Max     =        4.320, Total count    =        11875]
#[Buckets =           27, SubBuckets     =         2048]
-----------------------------------------------------------------------
  17861 requests in 30.01s, 2.98MB read
  Socket errors: connect 0, read 0, write 0, timeout 6
Requests/sec:    595.09  
Transfer/sec:    101.70KB
