Running 30s test @ http://10.111.138.180:8080/wrk2-api/post/compose
  4 threads and 200 connections

  Thread calibration: mean lat.: 1606.331ms, rate sampling interval: 6295ms
  Thread calibration: mean lat.: 1655.426ms, rate sampling interval: 6410ms
  Thread calibration: mean lat.: 1698.689ms, rate sampling interval: 6496ms
  Thread calibration: mean lat.: 1703.440ms, rate sampling interval: 6434ms

-----------------------------------------------------------------------
Test Results @ http://10.111.138.180:8080/wrk2-api/post/compose 
  Thread Stats   Avg      Stdev     99%   +/- Stdev
    Latency   225.75ms  528.75ms   2.42s    87.78%
    Req/Sec   134.33     20.96   156.00     66.67%
  Latency Distribution (HdrHistogram - Recorded Latency)
 50.000%   10.73ms
 75.000%   15.69ms
 90.000%  928.26ms
 99.000%    2.42s 
 99.900%    3.33s 
 99.990%    3.78s 
 99.999%    3.86s 
100.000%    3.86s 

  Detailed Percentile spectrum:
       Value   Percentile   TotalCount 1/(1-Percentile)

       6.707     0.000000            1         1.00
       8.183     0.100000         1069         1.11
       8.783     0.200000         2124         1.25
       9.327     0.300000         3187         1.43
       9.959     0.400000         4255         1.67
      10.735     0.500000         5304         2.00
      11.231     0.550000         5835         2.22
      11.839     0.600000         6369         2.50
      12.607     0.650000         6895         2.86
      13.727     0.700000         7428         3.33
      15.687     0.750000         7955         4.00
      17.647     0.775000         8222         4.44
      53.439     0.800000         8485         5.00
     392.959     0.825000         8751         5.71
     497.407     0.850000         9016         6.67
     732.159     0.875000         9281         8.00
     827.903     0.887500         9413         8.89
     928.255     0.900000         9548        10.00
    1056.767     0.912500         9678        11.43
    1186.815     0.925000         9812        13.33
    1345.535     0.937500         9944        16.00
    1423.359     0.943750        10011        17.78
    1513.471     0.950000        10076        20.00
    1608.703     0.956250        10142        22.86
    1728.511     0.962500        10209        26.67
    1826.815     0.968750        10275        32.00
    1883.135     0.971875        10308        35.56
    1940.479     0.975000        10342        40.00
    2010.111     0.978125        10375        45.71
    2093.055     0.981250        10408        53.33
    2187.263     0.984375        10442        64.00
    2244.607     0.985938        10457        71.11
    2303.999     0.987500        10474        80.00
    2371.583     0.989062        10490        91.43
    2449.407     0.990625        10507       106.67
    2516.991     0.992188        10524       128.00
    2562.047     0.992969        10533       142.22
    2592.767     0.993750        10540       160.00
    2631.679     0.994531        10548       182.86
    2768.895     0.995313        10557       213.33
    2787.327     0.996094        10565       256.00
    2822.143     0.996484        10569       284.44
    2871.295     0.996875        10573       320.00
    2979.839     0.997266        10578       365.71
    3057.663     0.997656        10582       426.67
    3100.671     0.998047        10586       512.00
    3110.911     0.998242        10588       568.89
    3143.679     0.998437        10590       640.00
    3160.063     0.998633        10592       731.43
    3315.711     0.998828        10594       853.33
    3360.767     0.999023        10596      1024.00
    3381.247     0.999121        10597      1137.78
    3407.871     0.999219        10598      1280.00
    3440.639     0.999316        10599      1462.86
    3567.615     0.999414        10600      1706.67
    3579.903     0.999512        10601      2048.00
    3637.247     0.999561        10602      2275.56
    3637.247     0.999609        10602      2560.00
    3655.679     0.999658        10603      2925.71
    3655.679     0.999707        10603      3413.33
    3715.071     0.999756        10604      4096.00
    3715.071     0.999780        10604      4551.11
    3715.071     0.999805        10604      5120.00
    3782.655     0.999829        10605      5851.43
    3782.655     0.999854        10605      6826.67
    3782.655     0.999878        10605      8192.00
    3782.655     0.999890        10605      9102.22
    3782.655     0.999902        10605     10240.00
    3858.431     0.999915        10606     11702.86
    3858.431     1.000000        10606          inf
#[Mean    =      225.749, StdDeviation   =      528.750]
#[Max     =     3856.384, Total count    =        10606]
#[Buckets =           27, SubBuckets     =         2048]
-----------------------------------------------------------------------
  16561 requests in 30.02s, 3.02MB read
  Socket errors: connect 0, read 0, write 0, timeout 5
Requests/sec:    551.64  
Transfer/sec:    102.89KB
