Running 30s test @ http://10.111.138.180:8080/wrk2-api/home-timeline/read
  4 threads and 200 connections

  Thread calibration: mean lat.: 2.483ms, rate sampling interval: 10ms
  Thread calibration: mean lat.: 2.690ms, rate sampling interval: 10ms
  Thread calibration: mean lat.: 2.559ms, rate sampling interval: 10ms
  Thread calibration: mean lat.: 2.386ms, rate sampling interval: 10ms

-----------------------------------------------------------------------
Test Results @ http://10.111.138.180:8080/wrk2-api/home-timeline/read 
  Thread Stats   Avg      Stdev     99%   +/- Stdev
    Latency     1.20ms  233.33us   1.82ms   83.58%
    Req/Sec   181.95    141.46   600.00     65.10%
  Latency Distribution (HdrHistogram - Recorded Latency)
 50.000%    1.17ms
 75.000%    1.30ms
 90.000%    1.43ms
 99.000%    1.82ms
 99.900%    3.74ms
 99.990%    5.35ms
 99.999%    5.76ms
100.000%    5.76ms

  Detailed Percentile spectrum:
       Value   Percentile   TotalCount 1/(1-Percentile)

       0.732     0.000000            1         1.00
       0.991     0.100000         1379         1.11
       1.050     0.200000         2766         1.25
       1.094     0.300000         4129         1.43
       1.135     0.400000         5526         1.67
       1.175     0.500000         6912         2.00
       1.195     0.550000         7603         2.22
       1.215     0.600000         8281         2.50
       1.238     0.650000         8947         2.86
       1.266     0.700000         9653         3.33
       1.296     0.750000        10325         4.00
       1.312     0.775000        10669         4.44
       1.330     0.800000        11020         5.00
       1.350     0.825000        11358         5.71
       1.372     0.850000        11712         6.67
       1.397     0.875000        12043         8.00
       1.412     0.887500        12217         8.89
       1.427     0.900000        12385        10.00
       1.445     0.912500        12556        11.43
       1.463     0.925000        12728        13.33
       1.485     0.937500        12903        16.00
       1.496     0.943750        12986        17.78
       1.514     0.950000        13073        20.00
       1.532     0.956250        13159        22.86
       1.553     0.962500        13244        26.67
       1.577     0.968750        13330        32.00
       1.595     0.971875        13373        35.56
       1.617     0.975000        13416        40.00
       1.642     0.978125        13460        45.71
       1.668     0.981250        13502        53.33
       1.697     0.984375        13545        64.00
       1.722     0.985938        13566        71.11
       1.748     0.987500        13588        80.00
       1.790     0.989062        13609        91.43
       1.853     0.990625        13631       106.67
       1.923     0.992188        13652       128.00
       1.985     0.992969        13663       142.22
       2.119     0.993750        13674       160.00
       2.203     0.994531        13684       182.86
       2.345     0.995313        13695       213.33
       2.457     0.996094        13706       256.00
       2.537     0.996484        13711       284.44
       2.647     0.996875        13717       320.00
       2.763     0.997266        13722       365.71
       2.901     0.997656        13728       426.67
       3.101     0.998047        13733       512.00
       3.223     0.998242        13735       568.89
       3.447     0.998437        13738       640.00
       3.583     0.998633        13741       731.43
       3.635     0.998828        13743       853.33
       3.787     0.999023        13746      1024.00
       3.899     0.999121        13747      1137.78
       4.167     0.999219        13749      1280.00
       4.363     0.999316        13751      1462.86
       4.363     0.999414        13751      1706.67
       4.851     0.999512        13753      2048.00
       4.851     0.999561        13753      2275.56
       4.855     0.999609        13754      2560.00
       5.095     0.999658        13755      2925.71
       5.095     0.999707        13755      3413.33
       5.103     0.999756        13756      4096.00
       5.103     0.999780        13756      4551.11
       5.111     0.999805        13757      5120.00
       5.111     0.999829        13757      5851.43
       5.111     0.999854        13757      6826.67
       5.347     0.999878        13758      8192.00
       5.347     0.999890        13758      9102.22
       5.347     0.999902        13758     10240.00
       5.347     0.999915        13758     11702.86
       5.347     0.999927        13758     13653.33
       5.763     0.999939        13759     16384.00
       5.763     1.000000        13759          inf
#[Mean    =        1.204, StdDeviation   =        0.233]
#[Max     =        5.760, Total count    =        13759]
#[Buckets =           27, SubBuckets     =         2048]
-----------------------------------------------------------------------
  20707 requests in 30.01s, 3.46MB read
  Socket errors: connect 0, read 0, write 0, timeout 3
Requests/sec:    689.95  
Transfer/sec:    117.91KB
