Running 30s test @ http://10.111.138.180:8080/wrk2-api/post/compose
  4 threads and 200 connections

  Thread calibration: mean lat.: 2799.200ms, rate sampling interval: 8560ms
  Thread calibration: mean lat.: 2725.205ms, rate sampling interval: 8511ms
  Thread calibration: mean lat.: 2183.559ms, rate sampling interval: 6893ms
  Thread calibration: mean lat.: 2323.749ms, rate sampling interval: 7077ms

-----------------------------------------------------------------------
Test Results @ http://10.111.138.180:8080/wrk2-api/post/compose 
  Thread Stats   Avg      Stdev     99%   +/- Stdev
    Latency     1.12s     1.34s    5.00s    82.19%
    Req/Sec   169.88     48.00   224.00     50.00%
  Latency Distribution (HdrHistogram - Recorded Latency)
 50.000%  468.48ms
 75.000%    1.90s 
 90.000%    3.24s 
 99.000%    5.00s 
 99.900%    5.79s 
 99.990%    6.40s 
 99.999%    6.42s 
100.000%    6.42s 

  Detailed Percentile spectrum:
       Value   Percentile   TotalCount 1/(1-Percentile)

       6.691     0.000000            1         1.00
      10.935     0.100000         1213         1.11
      16.015     0.200000         2425         1.25
     103.103     0.300000         3639         1.43
     205.439     0.400000         4851         1.67
     468.479     0.500000         6063         2.00
     680.447     0.550000         6669         2.22
     951.807     0.600000         7275         2.50
    1249.279     0.650000         7883         2.86
    1563.647     0.700000         8488         3.33
    1903.615     0.750000         9094         4.00
    2070.527     0.775000         9398         4.44
    2265.087     0.800000         9700         5.00
    2478.079     0.825000        10006         5.71
    2705.407     0.850000        10307         6.67
    2981.887     0.875000        10611         8.00
    3112.959     0.887500        10762         8.89
    3244.031     0.900000        10913        10.00
    3397.631     0.912500        11066        11.43
    3543.039     0.925000        11217        13.33
    3700.735     0.937500        11368        16.00
    3788.799     0.943750        11444        17.78
    3913.727     0.950000        11520        20.00
    4032.511     0.956250        11595        22.86
    4165.631     0.962500        11672        26.67
    4313.087     0.968750        11748        32.00
    4403.199     0.971875        11787        35.56
    4489.215     0.975000        11823        40.00
    4575.231     0.978125        11861        45.71
    4661.247     0.981250        11899        53.33
    4767.743     0.984375        11936        64.00
    4841.471     0.985938        11956        71.11
    4886.527     0.987500        11974        80.00
    4956.159     0.989062        11993        91.43
    5029.887     0.990625        12012       106.67
    5144.575     0.992188        12031       128.00
    5201.919     0.992969        12041       142.22
    5242.879     0.993750        12050       160.00
    5296.127     0.994531        12059       182.86
    5349.375     0.995313        12069       213.33
    5439.487     0.996094        12078       256.00
    5476.351     0.996484        12083       284.44
    5500.927     0.996875        12088       320.00
    5541.887     0.997266        12092       365.71
    5599.231     0.997656        12097       426.67
    5636.095     0.998047        12102       512.00
    5656.575     0.998242        12104       568.89
    5734.399     0.998437        12107       640.00
    5754.879     0.998633        12109       731.43
    5775.359     0.998828        12111       853.33
    5795.839     0.999023        12114      1024.00
    5812.223     0.999121        12115      1137.78
    5828.607     0.999219        12116      1280.00
    5849.087     0.999316        12117      1462.86
    5861.375     0.999414        12118      1706.67
    5902.335     0.999512        12120      2048.00
    5902.335     0.999561        12120      2275.56
    6025.215     0.999609        12121      2560.00
    6025.215     0.999658        12121      2925.71
    6057.983     0.999707        12122      3413.33
    6295.551     0.999756        12123      4096.00
    6295.551     0.999780        12123      4551.11
    6295.551     0.999805        12123      5120.00
    6295.551     0.999829        12123      5851.43
    6402.047     0.999854        12124      6826.67
    6402.047     0.999878        12124      8192.00
    6402.047     0.999890        12124      9102.22
    6402.047     0.999902        12124     10240.00
    6402.047     0.999915        12124     11702.86
    6422.527     0.999927        12125     13653.33
    6422.527     1.000000        12125          inf
#[Mean    =     1117.627, StdDeviation   =     1337.807]
#[Max     =     6418.432, Total count    =        12125]
#[Buckets =           27, SubBuckets     =         2048]
-----------------------------------------------------------------------
  17380 requests in 30.01s, 3.17MB read
  Socket errors: connect 0, read 0, write 0, timeout 5
Requests/sec:    579.05  
Transfer/sec:    108.01KB
