Running 30s test @ http://10.111.138.180:8080/wrk2-api/home-timeline/read
  4 threads and 200 connections

  Thread calibration: mean lat.: 2.333ms, rate sampling interval: 10ms
  Thread calibration: mean lat.: 1.944ms, rate sampling interval: 10ms
  Thread calibration: mean lat.: 1.858ms, rate sampling interval: 10ms
  Thread calibration: mean lat.: 1.199ms, rate sampling interval: 10ms

-----------------------------------------------------------------------
Test Results @ http://10.111.138.180:8080/wrk2-api/home-timeline/read 
  Thread Stats   Avg      Stdev     99%   +/- Stdev
    Latency     1.17ms  208.63us   1.79ms   78.09%
    Req/Sec   209.34    148.88   600.00     71.47%
  Latency Distribution (HdrHistogram - Recorded Latency)
 50.000%    1.14ms
 75.000%    1.26ms
 90.000%    1.40ms
 99.000%    1.79ms
 99.900%    3.20ms
 99.990%    4.19ms
 99.999%    4.25ms
100.000%    4.25ms

  Detailed Percentile spectrum:
       Value   Percentile   TotalCount 1/(1-Percentile)

       0.735     0.000000            1         1.00
       0.961     0.100000         1610         1.11
       1.018     0.200000         3208         1.25
       1.062     0.300000         4782         1.43
       1.103     0.400000         6358         1.67
       1.142     0.500000         7934         2.00
       1.163     0.550000         8771         2.22
       1.184     0.600000         9536         2.50
       1.207     0.650000        10319         2.86
       1.232     0.700000        11118         3.33
       1.262     0.750000        11899         4.00
       1.280     0.775000        12301         4.44
       1.299     0.800000        12699         5.00
       1.320     0.825000        13087         5.71
       1.344     0.850000        13491         6.67
       1.373     0.875000        13894         8.00
       1.386     0.887500        14084         8.89
       1.405     0.900000        14283        10.00
       1.420     0.912500        14475        11.43
       1.444     0.925000        14674        13.33
       1.470     0.937500        14874        16.00
       1.484     0.943750        14970        17.78
       1.501     0.950000        15068        20.00
       1.521     0.956250        15172        22.86
       1.539     0.962500        15269        26.67
       1.562     0.968750        15370        32.00
       1.579     0.971875        15415        35.56
       1.597     0.975000        15465        40.00
       1.623     0.978125        15515        45.71
       1.643     0.981250        15565        53.33
       1.675     0.984375        15614        64.00
       1.697     0.985938        15638        71.11
       1.723     0.987500        15665        80.00
       1.750     0.989062        15688        91.43
       1.805     0.990625        15713       106.67
       1.873     0.992188        15738       128.00
       1.916     0.992969        15751       142.22
       1.973     0.993750        15762       160.00
       2.032     0.994531        15776       182.86
       2.069     0.995313        15787       213.33
       2.135     0.996094        15800       256.00
       2.221     0.996484        15806       284.44
       2.271     0.996875        15812       320.00
       2.329     0.997266        15818       365.71
       2.371     0.997656        15824       426.67
       2.475     0.998047        15831       512.00
       2.537     0.998242        15834       568.89
       2.671     0.998437        15837       640.00
       2.723     0.998633        15840       731.43
       3.133     0.998828        15843       853.33
       3.219     0.999023        15846      1024.00
       3.305     0.999121        15848      1137.78
       3.309     0.999219        15849      1280.00
       3.389     0.999316        15851      1462.86
       3.435     0.999414        15852      1706.67
       3.633     0.999512        15854      2048.00
       3.721     0.999561        15855      2275.56
       3.721     0.999609        15855      2560.00
       3.989     0.999658        15856      2925.71
       4.071     0.999707        15857      3413.33
       4.147     0.999756        15858      4096.00
       4.147     0.999780        15858      4551.11
       4.147     0.999805        15858      5120.00
       4.187     0.999829        15859      5851.43
       4.187     0.999854        15859      6826.67
       4.199     0.999878        15860      8192.00
       4.199     0.999890        15860      9102.22
       4.199     0.999902        15860     10240.00
       4.199     0.999915        15860     11702.86
       4.199     0.999927        15860     13653.33
       4.247     0.999939        15861     16384.00
       4.247     1.000000        15861          inf
#[Mean    =        1.171, StdDeviation   =        0.209]
#[Max     =        4.244, Total count    =        15861]
#[Buckets =           27, SubBuckets     =         2048]
-----------------------------------------------------------------------
  23661 requests in 30.01s, 3.95MB read
  Socket errors: connect 0, read 0, write 0, timeout 2
Requests/sec:    788.37  
Transfer/sec:    134.73KB
