Running 30s test @ http://10.111.138.180:8080/wrk2-api/post/compose
  4 threads and 200 connections

  Thread calibration: mean lat.: 4193.108ms, rate sampling interval: 11304ms
  Thread calibration: mean lat.: 4149.832ms, rate sampling interval: 10936ms
  Thread calibration: mean lat.: 4198.814ms, rate sampling interval: 11173ms
  Thread calibration: mean lat.: 4091.242ms, rate sampling interval: 10919ms

-----------------------------------------------------------------------
Test Results @ http://10.111.138.180:8080/wrk2-api/post/compose 
  Thread Stats   Avg      Stdev     99%   +/- Stdev
    Latency     4.13s     2.00s   10.11s    71.26%
    Req/Sec   219.75      2.28   222.00     75.00%
  Latency Distribution (HdrHistogram - Recorded Latency)
 50.000%    4.04s 
 75.000%    5.22s 
 90.000%    6.52s 
 99.000%   10.11s 
 99.900%   12.09s 
 99.990%   13.62s 
 99.999%   13.93s 
100.000%   13.93s 

  Detailed Percentile spectrum:
       Value   Percentile   TotalCount 1/(1-Percentile)

     184.319     0.000000            1         1.00
    1537.023     0.100000         1285         1.11
    2529.279     0.200000         2571         1.25
    3155.967     0.300000         3860         1.43
    3600.383     0.400000         5141         1.67
    4040.703     0.500000         6423         2.00
    4268.031     0.550000         7071         2.22
    4505.599     0.600000         7718         2.50
    4730.879     0.650000         8355         2.86
    4960.255     0.700000         8991         3.33
    5218.303     0.750000         9637         4.00
    5373.951     0.775000         9954         4.44
    5554.175     0.800000        10283         5.00
    5734.399     0.825000        10601         5.71
    5951.487     0.850000        10919         6.67
    6209.535     0.875000        11239         8.00
    6332.415     0.887500        11401         8.89
    6516.735     0.900000        11561        10.00
    6721.535     0.912500        11724        11.43
    6987.775     0.925000        11885        13.33
    7311.359     0.937500        12043        16.00
    7524.351     0.943750        12121        17.78
    7749.631     0.950000        12201        20.00
    7966.719     0.956250        12282        22.86
    8208.383     0.962500        12363        26.67
    8486.911     0.968750        12442        32.00
    8683.519     0.971875        12482        35.56
    8871.935     0.975000        12522        40.00
    9068.543     0.978125        12563        45.71
    9297.919     0.981250        12604        53.33
    9453.567     0.984375        12643        64.00
    9658.367     0.985938        12663        71.11
    9748.479     0.987500        12683        80.00
    9986.047     0.989062        12703        91.43
   10174.463     0.990625        12724       106.67
   10354.687     0.992188        12743       128.00
   10485.759     0.992969        12753       142.22
   10600.447     0.993750        12763       160.00
   10706.943     0.994531        12774       182.86
   10903.551     0.995313        12783       213.33
   11075.583     0.996094        12793       256.00
   11190.271     0.996484        12798       284.44
   11288.575     0.996875        12803       320.00
   11534.335     0.997266        12809       365.71
   11591.679     0.997656        12813       426.67
   11763.711     0.998047        12818       512.00
   11821.055     0.998242        12821       568.89
   11919.359     0.998437        12823       640.00
   11943.935     0.998633        12826       731.43
   12009.471     0.998828        12828       853.33
   12124.159     0.999023        12831      1024.00
   12132.351     0.999121        12832      1137.78
   12189.695     0.999219        12833      1280.00
   12296.191     0.999316        12835      1462.86
   12320.767     0.999414        12836      1706.67
   12419.071     0.999512        12837      2048.00
   12558.335     0.999561        12838      2275.56
   12558.335     0.999609        12838      2560.00
   12664.831     0.999658        12839      2925.71
   12787.711     0.999707        12840      3413.33
   12787.711     0.999756        12840      4096.00
   13189.119     0.999780        12841      4551.11
   13189.119     0.999805        12841      5120.00
   13189.119     0.999829        12841      5851.43
   13615.103     0.999854        12842      6826.67
   13615.103     0.999878        12842      8192.00
   13615.103     0.999890        12842      9102.22
   13615.103     0.999902        12842     10240.00
   13615.103     0.999915        12842     11702.86
   13934.591     0.999927        12843     13653.33
   13934.591     1.000000        12843          inf
#[Mean    =     4126.791, StdDeviation   =     2004.286]
#[Max     =    13926.400, Total count    =        12843]
#[Buckets =           27, SubBuckets     =         2048]
-----------------------------------------------------------------------
  17295 requests in 30.00s, 3.15MB read
Requests/sec:    576.44  
Transfer/sec:    107.52KB
