Running 30s test @ http://10.111.138.180:8080/wrk2-api/post/compose
  4 threads and 200 connections

  Thread calibration: mean lat.: 4850.617ms, rate sampling interval: 12763ms
  Thread calibration: mean lat.: 4768.578ms, rate sampling interval: 12378ms
  Thread calibration: mean lat.: 4969.108ms, rate sampling interval: 12574ms
  Thread calibration: mean lat.: 4687.986ms, rate sampling interval: 12394ms

-----------------------------------------------------------------------
Test Results @ http://10.111.138.180:8080/wrk2-api/post/compose 
  Thread Stats   Avg      Stdev     99%   +/- Stdev
    Latency     6.00s     2.06s   12.26s    74.03%
    Req/Sec   208.50      1.66   210.00    100.00%
  Latency Distribution (HdrHistogram - Recorded Latency)
 50.000%    5.75s 
 75.000%    6.92s 
 90.000%    8.77s 
 99.000%   12.26s 
 99.900%   14.54s 
 99.990%   16.43s 
 99.999%   16.47s 
100.000%   16.47s 

  Detailed Percentile spectrum:
       Value   Percentile   TotalCount 1/(1-Percentile)

     215.935     0.000000            1         1.00
    3663.871     0.100000         1301         1.11
    4464.639     0.200000         2598         1.25
    4972.543     0.300000         3900         1.43
    5369.855     0.400000         5201         1.67
    5750.783     0.500000         6493         2.00
    5951.487     0.550000         7157         2.22
    6152.191     0.600000         7799         2.50
    6381.567     0.650000         8446         2.86
    6631.423     0.700000         9090         3.33
    6918.143     0.750000         9738         4.00
    7102.463     0.775000        10066         4.44
    7290.879     0.800000        10391         5.00
    7536.639     0.825000        10716         5.71
    7831.551     0.850000        11037         6.67
    8208.383     0.875000        11363         8.00
    8445.951     0.887500        11530         8.89
    8765.439     0.900000        11689        10.00
    9076.735     0.912500        11850        11.43
    9363.455     0.925000        12011        13.33
    9707.519     0.937500        12175        16.00
    9863.167     0.943750        12257        17.78
   10067.967     0.950000        12335        20.00
   10297.343     0.956250        12417        22.86
   10526.719     0.962500        12499        26.67
   10805.247     0.968750        12580        32.00
   10952.703     0.971875        12619        35.56
   11173.887     0.975000        12660        40.00
   11313.151     0.978125        12701        45.71
   11517.951     0.981250        12741        53.33
   11730.943     0.984375        12784        64.00
   11886.591     0.985938        12802        71.11
   12025.855     0.987500        12822        80.00
   12197.887     0.989062        12842        91.43
   12320.767     0.990625        12864       106.67
   12574.719     0.992188        12883       128.00
   12673.023     0.992969        12894       142.22
   12787.711     0.993750        12903       160.00
   12886.015     0.994531        12913       182.86
   13025.279     0.995313        12924       213.33
   13213.695     0.996094        12934       256.00
   13361.151     0.996484        12939       284.44
   13524.991     0.996875        12944       320.00
   13680.639     0.997266        12949       365.71
   13860.863     0.997656        12954       426.67
   14008.319     0.998047        12959       512.00
   14106.623     0.998242        12962       568.89
   14270.463     0.998437        12964       640.00
   14368.767     0.998633        12967       731.43
   14450.687     0.998828        12969       853.33
   14696.447     0.999023        12972      1024.00
   14950.399     0.999121        12973      1137.78
   14958.591     0.999219        12974      1280.00
   15106.047     0.999316        12976      1462.86
   15228.927     0.999414        12977      1706.67
   15417.343     0.999512        12979      2048.00
   15417.343     0.999561        12979      2275.56
   15417.343     0.999609        12979      2560.00
   15663.103     0.999658        12980      2925.71
   15712.255     0.999707        12981      3413.33
   15712.255     0.999756        12981      4096.00
   15892.479     0.999780        12982      4551.11
   15892.479     0.999805        12982      5120.00
   15892.479     0.999829        12982      5851.43
   16433.151     0.999854        12983      6826.67
   16433.151     0.999878        12983      8192.00
   16433.151     0.999890        12983      9102.22
   16433.151     0.999902        12983     10240.00
   16433.151     0.999915        12983     11702.86
   16474.111     0.999927        12984     13653.33
   16474.111     1.000000        12984          inf
#[Mean    =     6001.992, StdDeviation   =     2056.923]
#[Max     =    16465.920, Total count    =        12984]
#[Buckets =           27, SubBuckets     =         2048]
-----------------------------------------------------------------------
  17026 requests in 30.02s, 3.10MB read
Requests/sec:    567.20  
Transfer/sec:    105.80KB
