Running 30s test @ http://10.111.138.180:8080/wrk2-api/home-timeline/read
  4 threads and 200 connections

  Thread calibration: mean lat.: 2.959ms, rate sampling interval: 10ms
  Thread calibration: mean lat.: 2.234ms, rate sampling interval: 10ms
  Thread calibration: mean lat.: 2.481ms, rate sampling interval: 10ms
  Thread calibration: mean lat.: 2.397ms, rate sampling interval: 10ms

-----------------------------------------------------------------------
Test Results @ http://10.111.138.180:8080/wrk2-api/home-timeline/read 
  Thread Stats   Avg      Stdev     99%   +/- Stdev
    Latency     1.16ms  241.01us   1.77ms   85.08%
    Req/Sec   235.56    156.18   666.00     70.50%
  Latency Distribution (HdrHistogram - Recorded Latency)
 50.000%    1.13ms
 75.000%    1.25ms
 90.000%    1.39ms
 99.000%    1.77ms
 99.900%    3.79ms
 99.990%    6.84ms
 99.999%    7.14ms
100.000%    7.14ms

  Detailed Percentile spectrum:
       Value   Percentile   TotalCount 1/(1-Percentile)

       0.735     0.000000            1         1.00
       0.954     0.100000         1812         1.11
       1.008     0.200000         3604         1.25
       1.052     0.300000         5400         1.43
       1.091     0.400000         7155         1.67
       1.131     0.500000         8968         2.00
       1.150     0.550000         9835         2.22
       1.171     0.600000        10747         2.50
       1.192     0.650000        11621         2.86
       1.217     0.700000        12501         3.33
       1.247     0.750000        13403         4.00
       1.265     0.775000        13850         4.44
       1.284     0.800000        14294         5.00
       1.305     0.825000        14745         5.71
       1.330     0.850000        15181         6.67
       1.357     0.875000        15620         8.00
       1.373     0.887500        15843         8.89
       1.391     0.900000        16068        10.00
       1.410     0.912500        16296        11.43
       1.431     0.925000        16515        13.33
       1.456     0.937500        16736        16.00
       1.472     0.943750        16853        17.78
       1.490     0.950000        16959        20.00
       1.508     0.956250        17071        22.86
       1.535     0.962500        17189        26.67
       1.565     0.968750        17294        32.00
       1.588     0.971875        17349        35.56
       1.606     0.975000        17406        40.00
       1.632     0.978125        17461        45.71
       1.661     0.981250        17516        53.33
       1.700     0.984375        17575        64.00
       1.712     0.985938        17599        71.11
       1.734     0.987500        17627        80.00
       1.758     0.989062        17655        91.43
       1.786     0.990625        17684       106.67
       1.840     0.992188        17711       128.00
       1.882     0.992969        17725       142.22
       1.932     0.993750        17739       160.00
       2.016     0.994531        17753       182.86
       2.135     0.995313        17767       213.33
       2.329     0.996094        17781       256.00
       2.385     0.996484        17788       284.44
       2.505     0.996875        17795       320.00
       2.599     0.997266        17802       365.71
       2.695     0.997656        17809       426.67
       3.009     0.998047        17816       512.00
       3.029     0.998242        17819       568.89
       3.153     0.998437        17823       640.00
       3.281     0.998633        17826       731.43
       3.457     0.998828        17830       853.33
       3.813     0.999023        17833      1024.00
       3.857     0.999121        17835      1137.78
       4.263     0.999219        17837      1280.00
       4.331     0.999316        17838      1462.86
       4.451     0.999414        17840      1706.67
       4.971     0.999512        17842      2048.00
       5.275     0.999561        17843      2275.56
       5.687     0.999609        17844      2560.00
       5.687     0.999658        17844      2925.71
       6.063     0.999707        17845      3413.33
       6.179     0.999756        17846      4096.00
       6.599     0.999780        17847      4551.11
       6.599     0.999805        17847      5120.00
       6.599     0.999829        17847      5851.43
       6.843     0.999854        17848      6826.67
       6.843     0.999878        17848      8192.00
       7.075     0.999890        17849      9102.22
       7.075     0.999902        17849     10240.00
       7.075     0.999915        17849     11702.86
       7.075     0.999927        17849     13653.33
       7.075     0.999939        17849     16384.00
       7.139     0.999945        17850     18204.44
       7.139     1.000000        17850          inf
#[Mean    =        1.163, StdDeviation   =        0.241]
#[Max     =        7.136, Total count    =        17850]
#[Buckets =           27, SubBuckets     =         2048]
-----------------------------------------------------------------------
  26814 requests in 30.03s, 4.48MB read
Requests/sec:    892.98  
Transfer/sec:    152.61KB
