Running 30s test @ http://10.111.138.180:8080/wrk2-api/home-timeline/read
  4 threads and 200 connections

  Thread calibration: mean lat.: 1.381ms, rate sampling interval: 10ms
  Thread calibration: mean lat.: 1.400ms, rate sampling interval: 10ms
  Thread calibration: mean lat.: 1.168ms, rate sampling interval: 10ms
  Thread calibration: mean lat.: 1.484ms, rate sampling interval: 10ms

-----------------------------------------------------------------------
Test Results @ http://10.111.138.180:8080/wrk2-api/home-timeline/read 
  Thread Stats   Avg      Stdev     99%   +/- Stdev
    Latency     1.15ms  212.22us   1.83ms   78.29%
    Req/Sec   264.22    169.92   700.00     74.32%
  Latency Distribution (HdrHistogram - Recorded Latency)
 50.000%    1.12ms
 75.000%    1.24ms
 90.000%    1.39ms
 99.000%    1.83ms
 99.900%    3.08ms
 99.990%    3.93ms
 99.999%    4.34ms
100.000%    4.34ms

  Detailed Percentile spectrum:
       Value   Percentile   TotalCount 1/(1-Percentile)

       0.718     0.000000            1         1.00
       0.944     0.100000         2007         1.11
       0.999     0.200000         4018         1.25
       1.041     0.300000         6004         1.43
       1.082     0.400000         8012         1.67
       1.121     0.500000        10008         2.00
       1.141     0.550000        11038         2.22
       1.163     0.600000        12041         2.50
       1.185     0.650000        12998         2.86
       1.212     0.700000        14014         3.33
       1.242     0.750000        15012         4.00
       1.259     0.775000        15497         4.44
       1.279     0.800000        15999         5.00
       1.303     0.825000        16499         5.71
       1.331     0.850000        17005         6.67
       1.362     0.875000        17497         8.00
       1.379     0.887500        17756         8.89
       1.395     0.900000        17996        10.00
       1.415     0.912500        18245        11.43
       1.439     0.925000        18500        13.33
       1.463     0.937500        18745        16.00
       1.479     0.943750        18870        17.78
       1.501     0.950000        19000        20.00
       1.526     0.956250        19128        22.86
       1.548     0.962500        19245        26.67
       1.579     0.968750        19374        32.00
       1.594     0.971875        19432        35.56
       1.613     0.975000        19495        40.00
       1.641     0.978125        19557        45.71
       1.679     0.981250        19622        53.33
       1.714     0.984375        19683        64.00
       1.742     0.985938        19713        71.11
       1.761     0.987500        19747        80.00
       1.793     0.989062        19776        91.43
       1.849     0.990625        19807       106.67
       1.891     0.992188        19838       128.00
       1.926     0.992969        19854       142.22
       1.967     0.993750        19870       160.00
       2.036     0.994531        19885       182.86
       2.089     0.995313        19901       213.33
       2.163     0.996094        19916       256.00
       2.237     0.996484        19925       284.44
       2.303     0.996875        19932       320.00
       2.343     0.997266        19940       365.71
       2.427     0.997656        19948       426.67
       2.539     0.998047        19955       512.00
       2.613     0.998242        19959       568.89
       2.697     0.998437        19963       640.00
       2.743     0.998633        19967       731.43
       2.917     0.998828        19971       853.33
       3.119     0.999023        19975      1024.00
       3.169     0.999121        19977      1137.78
       3.303     0.999219        19980      1280.00
       3.309     0.999316        19981      1462.86
       3.351     0.999414        19983      1706.67
       3.577     0.999512        19985      2048.00
       3.587     0.999561        19986      2275.56
       3.589     0.999609        19987      2560.00
       3.609     0.999658        19988      2925.71
       3.625     0.999707        19989      3413.33
       3.693     0.999756        19990      4096.00
       3.693     0.999780        19990      4551.11
       3.895     0.999805        19991      5120.00
       3.895     0.999829        19991      5851.43
       3.933     0.999854        19992      6826.67
       3.933     0.999878        19992      8192.00
       3.933     0.999890        19992      9102.22
       4.011     0.999902        19993     10240.00
       4.011     0.999915        19993     11702.86
       4.011     0.999927        19993     13653.33
       4.011     0.999939        19993     16384.00
       4.011     0.999945        19993     18204.44
       4.343     0.999951        19994     20480.00
       4.343     1.000000        19994          inf
#[Mean    =        1.154, StdDeviation   =        0.212]
#[Max     =        4.340, Total count    =        19994]
#[Buckets =           27, SubBuckets     =         2048]
-----------------------------------------------------------------------
  29676 requests in 30.00s, 4.95MB read
Requests/sec:    989.10  
Transfer/sec:    169.04KB
