Running 30s test @ http://10.111.138.180:8080/wrk2-api/post/compose
  4 threads and 200 connections

  Thread calibration: mean lat.: 4752.589ms, rate sampling interval: 13893ms
  Thread calibration: mean lat.: 4751.044ms, rate sampling interval: 14114ms
  Thread calibration: mean lat.: 4720.021ms, rate sampling interval: 13975ms
  Thread calibration: mean lat.: 4839.729ms, rate sampling interval: 14114ms

-----------------------------------------------------------------------
Test Results @ http://10.111.138.180:8080/wrk2-api/post/compose 
  Thread Stats   Avg      Stdev     99%   +/- Stdev
    Latency    15.03s     2.74s   19.66s    72.50%
    Req/Sec   101.00      0.71   102.00    100.00%
  Latency Distribution (HdrHistogram - Recorded Latency)
 50.000%   15.69s 
 75.000%   16.83s 
 90.000%   17.92s 
 99.000%   19.66s 
 99.900%   21.10s 
 99.990%   21.74s 
 99.999%   21.77s 
100.000%   21.77s 

  Detailed Percentile spectrum:
       Value   Percentile   TotalCount 1/(1-Percentile)

    5607.423     0.000000            1         1.00
   10518.527     0.100000         1087         1.11
   13164.543     0.200000         2176         1.25
   14434.303     0.300000         3263         1.43
   15097.855     0.400000         4357         1.67
   15687.679     0.500000         5450         2.00
   15941.631     0.550000         5987         2.22
   16154.623     0.600000         6541         2.50
   16359.423     0.650000         7079         2.86
   16572.415     0.700000         7610         3.33
   16826.367     0.750000         8175         4.00
   16957.439     0.775000         8445         4.44
   17104.895     0.800000         8725         5.00
   17268.735     0.825000         8987         5.71
   17448.959     0.850000         9250         6.67
   17678.335     0.875000         9524         8.00
   17809.407     0.887500         9656         8.89
   17924.095     0.900000         9786        10.00
   18071.551     0.912500         9924        11.43
   18235.391     0.925000        10060        13.33
   18431.999     0.937500        10196        16.00
   18530.303     0.943750        10260        17.78
   18644.991     0.950000        10329        20.00
   18759.679     0.956250        10401        22.86
   18890.751     0.962500        10468        26.67
   19005.439     0.968750        10532        32.00
   19087.359     0.971875        10570        35.56
   19152.895     0.975000        10603        40.00
   19234.815     0.978125        10633        45.71
   19333.119     0.981250        10670        53.33
   19415.039     0.984375        10706        64.00
   19464.191     0.985938        10720        71.11
   19513.343     0.987500        10737        80.00
   19595.263     0.989062        10752        91.43
   19709.951     0.990625        10771       106.67
   19808.255     0.992188        10786       128.00
   19906.559     0.992969        10794       142.22
   19972.095     0.993750        10806       160.00
   20086.783     0.994531        10811       182.86
   20217.855     0.995313        10821       213.33
   20299.775     0.996094        10828       256.00
   20332.543     0.996484        10832       284.44
   20398.079     0.996875        10837       320.00
   20529.151     0.997266        10841       365.71
   20594.687     0.997656        10845       426.67
   20725.759     0.998047        10850       512.00
   20758.527     0.998242        10851       568.89
   20856.831     0.998437        10854       640.00
   20955.135     0.998633        10856       731.43
   21037.055     0.998828        10858       853.33
   21135.359     0.999023        10860      1024.00
   21168.127     0.999121        10861      1137.78
   21200.895     0.999219        10863      1280.00
   21200.895     0.999316        10863      1462.86
   21348.351     0.999414        10864      1706.67
   21413.887     0.999512        10865      2048.00
   21561.343     0.999561        10867      2275.56
   21561.343     0.999609        10867      2560.00
   21561.343     0.999658        10867      2925.71
   21561.343     0.999707        10867      3413.33
   21659.647     0.999756        10868      4096.00
   21659.647     0.999780        10868      4551.11
   21659.647     0.999805        10868      5120.00
   21741.567     0.999829        10869      5851.43
   21741.567     0.999854        10869      6826.67
   21741.567     0.999878        10869      8192.00
   21741.567     0.999890        10869      9102.22
   21741.567     0.999902        10869     10240.00
   21774.335     0.999915        10870     11702.86
   21774.335     1.000000        10870          inf
#[Mean    =    15033.658, StdDeviation   =     2742.719]
#[Max     =    21757.952, Total count    =        10870]
#[Buckets =           27, SubBuckets     =         2048]
-----------------------------------------------------------------------
  12975 requests in 30.01s, 2.36MB read
Requests/sec:    432.38  
Transfer/sec:     80.65KB
