Running 30s test @ http://10.111.138.180:8080/wrk2-api/post/compose
  4 threads and 200 connections

  Thread calibration: mean lat.: 2972.668ms, rate sampling interval: 9314ms
  Thread calibration: mean lat.: 3136.593ms, rate sampling interval: 10059ms
  Thread calibration: mean lat.: 3177.749ms, rate sampling interval: 9797ms
  Thread calibration: mean lat.: 3026.998ms, rate sampling interval: 9682ms

-----------------------------------------------------------------------
Test Results @ http://10.111.138.180:8080/wrk2-api/post/compose 
  Thread Stats   Avg      Stdev     99%   +/- Stdev
    Latency     2.56s     2.80s    9.24s    79.98%
    Req/Sec   123.14      4.36   131.00     85.71%
  Latency Distribution (HdrHistogram - Recorded Latency)
 50.000%    1.56s 
 75.000%    4.78s 
 90.000%    6.80s 
 99.000%    9.24s 
 99.900%   11.53s 
 99.990%   11.98s 
 99.999%   12.23s 
100.000%   12.23s 

  Detailed Percentile spectrum:
       Value   Percentile   TotalCount 1/(1-Percentile)

       7.187     0.000000            2         1.00
       8.535     0.100000          972         1.11
       9.375     0.200000         1939         1.25
      10.943     0.300000         2901         1.43
     192.127     0.400000         3868         1.67
    1563.647     0.500000         4836         2.00
    2254.847     0.550000         5319         2.22
    2951.167     0.600000         5803         2.50
    3590.143     0.650000         6286         2.86
    4222.975     0.700000         6773         3.33
    4775.935     0.750000         7253         4.00
    5083.135     0.775000         7497         4.44
    5365.759     0.800000         7740         5.00
    5677.055     0.825000         7978         5.71
    6029.311     0.850000         8223         6.67
    6406.143     0.875000         8461         8.00
    6578.175     0.887500         8582         8.89
    6799.359     0.900000         8704        10.00
    7008.255     0.912500         8824        11.43
    7225.343     0.925000         8945        13.33
    7499.775     0.937500         9066        16.00
    7639.039     0.943750         9128        17.78
    7786.495     0.950000         9186        20.00
    7921.663     0.956250         9250        22.86
    8081.407     0.962500         9307        26.67
    8273.919     0.968750         9368        32.00
    8388.607     0.971875         9398        35.56
    8527.871     0.975000         9428        40.00
    8699.903     0.978125         9458        45.71
    8855.551     0.981250         9488        53.33
    8962.047     0.984375         9519        64.00
    9027.583     0.985938         9534        71.11
    9125.887     0.987500         9549        80.00
    9199.615     0.989062         9564        91.43
    9306.111     0.990625         9581       106.67
    9404.415     0.992188         9594       128.00
    9510.911     0.992969         9602       142.22
    9601.023     0.993750         9609       160.00
    9740.287     0.994531         9617       182.86
    9871.359     0.995313         9624       213.33
   10084.351     0.996094         9632       256.00
   10117.119     0.996484         9636       284.44
   10338.303     0.996875         9639       320.00
   10526.719     0.997266         9644       365.71
   10608.639     0.997656         9648       426.67
   10788.863     0.998047         9651       512.00
   10862.591     0.998242         9653       568.89
   10878.975     0.998437         9654       640.00
   11051.007     0.998633         9656       731.43
   11304.959     0.998828         9658       853.33
   11542.527     0.999023         9660      1024.00
   11591.679     0.999121         9661      1137.78
   11599.871     0.999219         9662      1280.00
   11624.447     0.999316         9663      1462.86
   11665.407     0.999414         9664      1706.67
   11673.599     0.999512         9665      2048.00
   11673.599     0.999561         9665      2275.56
   11837.439     0.999609         9666      2560.00
   11837.439     0.999658         9666      2925.71
   11878.399     0.999707         9667      3413.33
   11878.399     0.999756         9667      4096.00
   11878.399     0.999780         9667      4551.11
   11976.703     0.999805         9668      5120.00
   11976.703     0.999829         9668      5851.43
   11976.703     0.999854         9668      6826.67
   11976.703     0.999878         9668      8192.00
   11976.703     0.999890         9668      9102.22
   12230.655     0.999902         9669     10240.00
   12230.655     1.000000         9669          inf
#[Mean    =     2556.653, StdDeviation   =     2799.364]
#[Max     =    12222.464, Total count    =         9669]
#[Buckets =           27, SubBuckets     =         2048]
-----------------------------------------------------------------------
  11875 requests in 30.02s, 2.16MB read
  Socket errors: connect 0, read 0, write 0, timeout 57
Requests/sec:    395.60  
Transfer/sec:     73.79KB
