Running 30s test @ http://10.111.138.180:8080/wrk2-api/post/compose
  4 threads and 200 connections

  Thread calibration: mean lat.: 3333.948ms, rate sampling interval: 10608ms
  Thread calibration: mean lat.: 3545.125ms, rate sampling interval: 10936ms
  Thread calibration: mean lat.: 3370.069ms, rate sampling interval: 10584ms
  Thread calibration: mean lat.: 3492.114ms, rate sampling interval: 10936ms

-----------------------------------------------------------------------
Test Results @ http://10.111.138.180:8080/wrk2-api/post/compose 
  Thread Stats   Avg      Stdev     99%   +/- Stdev
    Latency     4.16s     3.11s   10.71s    56.31%
    Req/Sec   124.50      1.66   127.00    100.00%
  Latency Distribution (HdrHistogram - Recorded Latency)
 50.000%    4.23s 
 75.000%    6.64s 
 90.000%    8.34s 
 99.000%   10.71s 
 99.900%   12.16s 
 99.990%   13.20s 
 99.999%   13.26s 
100.000%   13.26s 

  Detailed Percentile spectrum:
       Value   Percentile   TotalCount 1/(1-Percentile)

       7.439     0.000000            1         1.00
     119.999     0.100000         1227         1.11
     387.327     0.200000         2452         1.25
    1756.159     0.300000         3679         1.43
    3045.375     0.400000         4903         1.67
    4231.167     0.500000         6130         2.00
    4771.839     0.550000         6742         2.22
    5251.071     0.600000         7359         2.50
    5701.631     0.650000         7972         2.86
    6184.959     0.700000         8585         3.33
    6635.519     0.750000         9201         4.00
    6877.183     0.775000         9501         4.44
    7135.231     0.800000         9810         5.00
    7405.567     0.825000        10116         5.71
    7667.711     0.850000        10421         6.67
    7987.199     0.875000        10726         8.00
    8163.327     0.887500        10884         8.89
    8335.359     0.900000        11032        10.00
    8536.063     0.912500        11188        11.43
    8757.247     0.925000        11338        13.33
    8994.815     0.937500        11492        16.00
    9117.695     0.943750        11570        17.78
    9273.343     0.950000        11646        20.00
    9412.607     0.956250        11721        22.86
    9576.447     0.962500        11799        26.67
    9781.247     0.968750        11877        32.00
    9887.743     0.971875        11914        35.56
   10018.815     0.975000        11953        40.00
   10133.503     0.978125        11992        45.71
   10239.999     0.981250        12029        53.33
   10420.223     0.984375        12069        64.00
   10502.143     0.985938        12088        71.11
   10559.487     0.987500        12105        80.00
   10657.791     0.989062        12126        91.43
   10723.327     0.990625        12143       106.67
   10862.591     0.992188        12162       128.00
   10911.743     0.992969        12174       142.22
   10944.511     0.993750        12182       160.00
   11018.239     0.994531        12192       182.86
   11132.927     0.995313        12201       213.33
   11231.231     0.996094        12210       256.00
   11263.999     0.996484        12214       284.44
   11313.151     0.996875        12219       320.00
   11378.687     0.997266        12225       365.71
   11476.991     0.997656        12229       426.67
   11624.447     0.998047        12234       512.00
   11640.831     0.998242        12237       568.89
   11649.023     0.998437        12238       640.00
   11780.095     0.998633        12241       731.43
   12001.279     0.998828        12243       853.33
   12443.647     0.999023        12246      1024.00
   12517.375     0.999121        12247      1137.78
   12673.023     0.999219        12248      1280.00
   12763.135     0.999316        12249      1462.86
   12771.327     0.999414        12250      1706.67
   12976.127     0.999512        12252      2048.00
   12976.127     0.999561        12252      2275.56
   13066.239     0.999609        12253      2560.00
   13066.239     0.999658        12253      2925.71
   13074.431     0.999707        12254      3413.33
   13139.967     0.999756        12255      4096.00
   13139.967     0.999780        12255      4551.11
   13139.967     0.999805        12255      5120.00
   13139.967     0.999829        12255      5851.43
   13197.311     0.999854        12256      6826.67
   13197.311     0.999878        12256      8192.00
   13197.311     0.999890        12256      9102.22
   13197.311     0.999902        12256     10240.00
   13197.311     0.999915        12256     11702.86
   13262.847     0.999927        12257     13653.33
   13262.847     1.000000        12257          inf
#[Mean    =     4161.717, StdDeviation   =     3108.960]
#[Max     =    13254.656, Total count    =        12257]
#[Buckets =           27, SubBuckets     =         2048]
-----------------------------------------------------------------------
  14675 requests in 30.01s, 2.67MB read
  Socket errors: connect 0, read 0, write 0, timeout 20
Requests/sec:    488.97  
Transfer/sec:     91.21KB
