Running 30s test @ http://10.111.138.180:8080/wrk2-api/home-timeline/read
  4 threads and 200 connections

  Thread calibration: mean lat.: 1.537ms, rate sampling interval: 10ms
  Thread calibration: mean lat.: 1.650ms, rate sampling interval: 10ms
  Thread calibration: mean lat.: 1.494ms, rate sampling interval: 10ms
  Thread calibration: mean lat.: 1.437ms, rate sampling interval: 10ms

-----------------------------------------------------------------------
Test Results @ http://10.111.138.180:8080/wrk2-api/home-timeline/read 
  Thread Stats   Avg      Stdev     99%   +/- Stdev
    Latency     1.21ms  187.75us   1.69ms   76.79%
    Req/Sec   131.38    118.67   444.00     57.95%
  Latency Distribution (HdrHistogram - Recorded Latency)
 50.000%    1.19ms
 75.000%    1.30ms
 90.000%    1.42ms
 99.000%    1.69ms
 99.900%    3.18ms
 99.990%    4.02ms
 99.999%    4.04ms
100.000%    4.04ms

  Detailed Percentile spectrum:
       Value   Percentile   TotalCount 1/(1-Percentile)

       0.724     0.000000            1         1.00
       1.011     0.100000          996         1.11
       1.073     0.200000         2005         1.25
       1.117     0.300000         2999         1.43
       1.153     0.400000         3988         1.67
       1.190     0.500000         4999         2.00
       1.208     0.550000         5488         2.22
       1.227     0.600000         5975         2.50
       1.250     0.650000         6474         2.86
       1.274     0.700000         6982         3.33
       1.302     0.750000         7480         4.00
       1.317     0.775000         7733         4.44
       1.333     0.800000         7963         5.00
       1.351     0.825000         8217         5.71
       1.371     0.850000         8472         6.67
       1.393     0.875000         8710         8.00
       1.406     0.887500         8836         8.89
       1.419     0.900000         8958        10.00
       1.432     0.912500         9082        11.43
       1.449     0.925000         9216        13.33
       1.466     0.937500         9338        16.00
       1.477     0.943750         9401        17.78
       1.490     0.950000         9461        20.00
       1.501     0.956250         9520        22.86
       1.517     0.962500         9581        26.67
       1.537     0.968750         9641        32.00
       1.547     0.971875         9674        35.56
       1.565     0.975000         9705        40.00
       1.588     0.978125         9737        45.71
       1.608     0.981250         9768        53.33
       1.633     0.984375         9797        64.00
       1.647     0.985938         9813        71.11
       1.666     0.987500         9828        80.00
       1.683     0.989062         9844        91.43
       1.703     0.990625         9860       106.67
       1.731     0.992188         9875       128.00
       1.751     0.992969         9883       142.22
       1.764     0.993750         9890       160.00
       1.800     0.994531         9898       182.86
       1.869     0.995313         9906       213.33
       1.960     0.996094         9914       256.00
       2.061     0.996484         9918       284.44
       2.117     0.996875         9921       320.00
       2.265     0.997266         9926       365.71
       2.341     0.997656         9929       426.67
       2.417     0.998047         9933       512.00
       2.511     0.998242         9936       568.89
       2.539     0.998437         9937       640.00
       2.669     0.998633         9939       731.43
       3.169     0.998828         9941       853.33
       3.223     0.999023         9943      1024.00
       3.269     0.999121         9944      1137.78
       3.507     0.999219         9945      1280.00
       3.553     0.999316         9946      1462.86
       3.579     0.999414         9947      1706.67
       3.619     0.999512         9948      2048.00
       3.619     0.999561         9948      2275.56
       3.621     0.999609         9949      2560.00
       3.621     0.999658         9949      2925.71
       3.993     0.999707         9950      3413.33
       3.993     0.999756         9950      4096.00
       3.993     0.999780         9950      4551.11
       4.017     0.999805         9951      5120.00
       4.017     0.999829         9951      5851.43
       4.017     0.999854         9951      6826.67
       4.017     0.999878         9951      8192.00
       4.017     0.999890         9951      9102.22
       4.037     0.999902         9952     10240.00
       4.037     1.000000         9952          inf
#[Mean    =        1.210, StdDeviation   =        0.188]
#[Max     =        4.036, Total count    =         9952]
#[Buckets =           27, SubBuckets     =         2048]
-----------------------------------------------------------------------
  14936 requests in 30.03s, 2.49MB read
  Socket errors: connect 0, read 0, write 0, timeout 20
Requests/sec:    497.29  
Transfer/sec:     84.99KB
