Running 30s test @ http://10.111.138.180:8080/wrk2-api/home-timeline/read
  4 threads and 200 connections

  Thread calibration: mean lat.: 2.331ms, rate sampling interval: 10ms
  Thread calibration: mean lat.: 2.388ms, rate sampling interval: 10ms
  Thread calibration: mean lat.: 2.444ms, rate sampling interval: 10ms
  Thread calibration: mean lat.: 1.952ms, rate sampling interval: 10ms

-----------------------------------------------------------------------
Test Results @ http://10.111.138.180:8080/wrk2-api/home-timeline/read 
  Thread Stats   Avg      Stdev     99%   +/- Stdev
    Latency     1.20ms  200.11us   1.73ms   78.93%
    Req/Sec   156.89    129.58   555.00     58.70%
  Latency Distribution (HdrHistogram - Recorded Latency)
 50.000%    1.18ms
 75.000%    1.29ms
 90.000%    1.41ms
 99.000%    1.73ms
 99.900%    3.17ms
 99.990%    4.53ms
 99.999%    4.62ms
100.000%    4.62ms

  Detailed Percentile spectrum:
       Value   Percentile   TotalCount 1/(1-Percentile)

       0.737     0.000000            1         1.00
       1.000     0.100000         1193         1.11
       1.060     0.200000         2381         1.25
       1.103     0.300000         3564         1.43
       1.142     0.400000         4774         1.67
       1.181     0.500000         5961         2.00
       1.200     0.550000         6548         2.22
       1.220     0.600000         7134         2.50
       1.243     0.650000         7742         2.86
       1.267     0.700000         8317         3.33
       1.295     0.750000         8919         4.00
       1.311     0.775000         9211         4.44
       1.327     0.800000         9502         5.00
       1.347     0.825000         9803         5.71
       1.368     0.850000        10104         6.67
       1.388     0.875000        10391         8.00
       1.400     0.887500        10543         8.89
       1.415     0.900000        10689        10.00
       1.431     0.912500        10842        11.43
       1.449     0.925000        10985        13.33
       1.473     0.937500        11132        16.00
       1.484     0.943750        11207        17.78
       1.497     0.950000        11284        20.00
       1.514     0.956250        11356        22.86
       1.528     0.962500        11430        26.67
       1.552     0.968750        11503        32.00
       1.567     0.971875        11542        35.56
       1.583     0.975000        11578        40.00
       1.603     0.978125        11615        45.71
       1.629     0.981250        11655        53.33
       1.650     0.984375        11689        64.00
       1.675     0.985938        11708        71.11
       1.688     0.987500        11726        80.00
       1.707     0.989062        11745        91.43
       1.735     0.990625        11763       106.67
       1.786     0.992188        11782       128.00
       1.823     0.992969        11791       142.22
       1.844     0.993750        11800       160.00
       1.944     0.994531        11810       182.86
       2.026     0.995313        11819       213.33
       2.099     0.996094        11828       256.00
       2.217     0.996484        11833       284.44
       2.243     0.996875        11837       320.00
       2.317     0.997266        11842       365.71
       2.447     0.997656        11847       426.67
       2.653     0.998047        11851       512.00
       2.813     0.998242        11854       568.89
       2.845     0.998437        11856       640.00
       3.065     0.998633        11858       731.43
       3.153     0.998828        11861       853.33
       3.267     0.999023        11863      1024.00
       3.285     0.999121        11864      1137.78
       3.293     0.999219        11865      1280.00
       3.315     0.999316        11866      1462.86
       3.775     0.999414        11868      1706.67
       3.779     0.999512        11869      2048.00
       3.779     0.999561        11869      2275.56
       3.901     0.999609        11870      2560.00
       3.901     0.999658        11870      2925.71
       4.053     0.999707        11871      3413.33
       4.499     0.999756        11872      4096.00
       4.499     0.999780        11872      4551.11
       4.499     0.999805        11872      5120.00
       4.499     0.999829        11872      5851.43
       4.531     0.999854        11873      6826.67
       4.531     0.999878        11873      8192.00
       4.531     0.999890        11873      9102.22
       4.531     0.999902        11873     10240.00
       4.531     0.999915        11873     11702.86
       4.619     0.999927        11874     13653.33
       4.619     1.000000        11874          inf
#[Mean    =        1.203, StdDeviation   =        0.200]
#[Max     =        4.616, Total count    =        11874]
#[Buckets =           27, SubBuckets     =         2048]
-----------------------------------------------------------------------
  17855 requests in 30.01s, 2.98MB read
  Socket errors: connect 0, read 0, write 0, timeout 5
Requests/sec:    594.91  
Transfer/sec:    101.67KB
