Running 30s test @ http://10.111.138.180:8080/wrk2-api/post/compose
  4 threads and 200 connections

  Thread calibration: mean lat.: 4186.246ms, rate sampling interval: 11567ms
  Thread calibration: mean lat.: 4134.994ms, rate sampling interval: 11698ms
  Thread calibration: mean lat.: 4336.395ms, rate sampling interval: 12287ms
  Thread calibration: mean lat.: 4350.685ms, rate sampling interval: 12500ms

-----------------------------------------------------------------------
Test Results @ http://10.111.138.180:8080/wrk2-api/post/compose 
  Thread Stats   Avg      Stdev     99%   +/- Stdev
    Latency     7.80s     2.57s   13.00s    67.61%
    Req/Sec   119.75      3.34   124.00    100.00%
  Latency Distribution (HdrHistogram - Recorded Latency)
 50.000%    8.00s 
 75.000%    9.65s 
 90.000%   10.91s 
 99.000%   13.00s 
 99.900%   14.57s 
 99.990%   14.97s 
 99.999%   15.03s 
100.000%   15.03s 

  Detailed Percentile spectrum:
       Value   Percentile   TotalCount 1/(1-Percentile)

     208.255     0.000000            1         1.00
    4231.167     0.100000         1220         1.11
    5697.535     0.200000         2443         1.25
    6660.095     0.300000         3669         1.43
    7364.607     0.400000         4882         1.67
    7995.391     0.500000         6104         2.00
    8306.687     0.550000         6713         2.22
    8609.791     0.600000         7321         2.50
    8953.855     0.650000         7945         2.86
    9297.919     0.700000         8546         3.33
    9650.175     0.750000         9158         4.00
    9846.783     0.775000         9458         4.44
   10027.007     0.800000         9762         5.00
   10239.999     0.825000        10065         5.71
   10444.799     0.850000        10371         6.67
   10665.983     0.875000        10677         8.00
   10788.863     0.887500        10832         8.89
   10911.743     0.900000        10987        10.00
   11051.007     0.912500        11135        11.43
   11206.655     0.925000        11285        13.33
   11395.071     0.937500        11439        16.00
   11509.759     0.943750        11517        17.78
   11624.447     0.950000        11593        20.00
   11755.519     0.956250        11666        22.86
   11919.359     0.962500        11742        26.67
   12107.775     0.968750        11821        32.00
   12238.847     0.971875        11858        35.56
   12328.959     0.975000        11895        40.00
   12443.647     0.978125        11936        45.71
   12533.759     0.981250        11972        53.33
   12648.447     0.984375        12009        64.00
   12738.559     0.985938        12028        71.11
   12836.863     0.987500        12049        80.00
   12951.551     0.989062        12069        91.43
   13058.047     0.990625        12088       106.67
   13189.119     0.992188        12106       128.00
   13254.655     0.992969        12114       142.22
   13377.535     0.993750        12123       160.00
   13623.295     0.994531        12134       182.86
   13697.023     0.995313        12142       213.33
   13828.095     0.996094        12153       256.00
   13934.591     0.996484        12157       284.44
   13983.743     0.996875        12161       320.00
   14065.663     0.997266        12166       365.71
   14172.159     0.997656        12171       426.67
   14245.887     0.998047        12176       512.00
   14311.423     0.998242        12179       568.89
   14335.999     0.998437        12180       640.00
   14475.263     0.998633        12184       731.43
   14491.647     0.998828        12185       853.33
   14581.759     0.999023        12188      1024.00
   14614.527     0.999121        12189      1137.78
   14622.719     0.999219        12190      1280.00
   14663.679     0.999316        12191      1462.86
   14671.871     0.999414        12194      1706.67
   14671.871     0.999512        12194      2048.00
   14671.871     0.999561        12194      2275.56
   14721.023     0.999609        12195      2560.00
   14721.023     0.999658        12195      2925.71
   14745.599     0.999707        12196      3413.33
   14925.823     0.999756        12197      4096.00
   14925.823     0.999780        12197      4551.11
   14925.823     0.999805        12197      5120.00
   14925.823     0.999829        12197      5851.43
   14974.975     0.999854        12198      6826.67
   14974.975     0.999878        12198      8192.00
   14974.975     0.999890        12198      9102.22
   14974.975     0.999902        12198     10240.00
   14974.975     0.999915        12198     11702.86
   15032.319     0.999927        12199     13653.33
   15032.319     1.000000        12199          inf
#[Mean    =     7804.630, StdDeviation   =     2569.463]
#[Max     =    15024.128, Total count    =        12199]
#[Buckets =           27, SubBuckets     =         2048]
-----------------------------------------------------------------------
  14487 requests in 30.05s, 2.64MB read
  Socket errors: connect 0, read 0, write 0, timeout 5
Requests/sec:    482.02  
Transfer/sec:     89.91KB
