Running 30s test @ http://10.111.138.180:8080/wrk2-api/home-timeline/read
  4 threads and 200 connections

  Thread calibration: mean lat.: 1.787ms, rate sampling interval: 10ms
  Thread calibration: mean lat.: 1.217ms, rate sampling interval: 10ms
  Thread calibration: mean lat.: 1.632ms, rate sampling interval: 10ms
  Thread calibration: mean lat.: 1.638ms, rate sampling interval: 10ms

-----------------------------------------------------------------------
Test Results @ http://10.111.138.180:8080/wrk2-api/home-timeline/read 
  Thread Stats   Avg      Stdev     99%   +/- Stdev
    Latency     1.19ms  201.19us   1.75ms   77.97%
    Req/Sec   181.86    138.64   555.00     64.47%
  Latency Distribution (HdrHistogram - Recorded Latency)
 50.000%    1.17ms
 75.000%    1.28ms
 90.000%    1.41ms
 99.000%    1.75ms
 99.900%    3.00ms
 99.990%    3.88ms
 99.999%    4.11ms
100.000%    4.11ms

  Detailed Percentile spectrum:
       Value   Percentile   TotalCount 1/(1-Percentile)

       0.716     0.000000            1         1.00
       0.986     0.100000         1386         1.11
       1.043     0.200000         2755         1.25
       1.088     0.300000         4139         1.43
       1.128     0.400000         5541         1.67
       1.166     0.500000         6891         2.00
       1.186     0.550000         7585         2.22
       1.208     0.600000         8262         2.50
       1.229     0.650000         8953         2.86
       1.253     0.700000         9645         3.33
       1.281     0.750000        10325         4.00
       1.299     0.775000        10679         4.44
       1.317     0.800000        11025         5.00
       1.335     0.825000        11354         5.71
       1.355     0.850000        11700         6.67
       1.381     0.875000        12048         8.00
       1.397     0.887500        12213         8.89
       1.412     0.900000        12385        10.00
       1.428     0.912500        12562        11.43
       1.448     0.925000        12736        13.33
       1.471     0.937500        12906        16.00
       1.485     0.943750        12990        17.78
       1.500     0.950000        13079        20.00
       1.515     0.956250        13160        22.86
       1.539     0.962500        13247        26.67
       1.565     0.968750        13332        32.00
       1.579     0.971875        13375        35.56
       1.595     0.975000        13417        40.00
       1.613     0.978125        13461        45.71
       1.634     0.981250        13503        53.33
       1.662     0.984375        13546        64.00
       1.680     0.985938        13569        71.11
       1.699     0.987500        13589        80.00
       1.732     0.989062        13611        91.43
       1.773     0.990625        13634       106.67
       1.841     0.992188        13654       128.00
       1.870     0.992969        13665       142.22
       1.923     0.993750        13675       160.00
       1.977     0.994531        13686       182.86
       2.063     0.995313        13697       213.33
       2.173     0.996094        13709       256.00
       2.197     0.996484        13713       284.44
       2.261     0.996875        13718       320.00
       2.401     0.997266        13724       365.71
       2.503     0.997656        13729       426.67
       2.665     0.998047        13735       512.00
       2.713     0.998242        13737       568.89
       2.799     0.998437        13740       640.00
       2.897     0.998633        13743       731.43
       2.939     0.998828        13745       853.33
       3.019     0.999023        13748      1024.00
       3.075     0.999121        13749      1137.78
       3.285     0.999219        13751      1280.00
       3.377     0.999316        13752      1462.86
       3.501     0.999414        13753      1706.67
       3.665     0.999512        13755      2048.00
       3.665     0.999561        13755      2275.56
       3.735     0.999609        13756      2560.00
       3.751     0.999658        13757      2925.71
       3.751     0.999707        13757      3413.33
       3.757     0.999756        13758      4096.00
       3.757     0.999780        13758      4551.11
       3.821     0.999805        13759      5120.00
       3.821     0.999829        13759      5851.43
       3.821     0.999854        13759      6826.67
       3.885     0.999878        13760      8192.00
       3.885     0.999890        13760      9102.22
       3.885     0.999902        13760     10240.00
       3.885     0.999915        13760     11702.86
       3.885     0.999927        13760     13653.33
       4.107     0.999939        13761     16384.00
       4.107     1.000000        13761          inf
#[Mean    =        1.191, StdDeviation   =        0.201]
#[Max     =        4.104, Total count    =        13761]
#[Buckets =           27, SubBuckets     =         2048]
-----------------------------------------------------------------------
  20544 requests in 30.02s, 3.43MB read
  Socket errors: connect 0, read 0, write 0, timeout 3
Requests/sec:    684.41  
Transfer/sec:    116.97KB
