Running 30s test @ http://10.111.138.180:8080/wrk2-api/post/compose
  4 threads and 200 connections

  Thread calibration: mean lat.: 4282.541ms, rate sampling interval: 12861ms
  Thread calibration: mean lat.: 4366.484ms, rate sampling interval: 13123ms
  Thread calibration: mean lat.: 4362.390ms, rate sampling interval: 13238ms
  Thread calibration: mean lat.: 4387.381ms, rate sampling interval: 13049ms

-----------------------------------------------------------------------
Test Results @ http://10.111.138.180:8080/wrk2-api/post/compose 
  Thread Stats   Avg      Stdev     99%   +/- Stdev
    Latency    10.27s     2.18s   14.52s    68.00%
    Req/Sec   122.00      1.22   123.00    100.00%
  Latency Distribution (HdrHistogram - Recorded Latency)
 50.000%   10.45s 
 75.000%   11.81s 
 90.000%   12.93s 
 99.000%   14.52s 
 99.900%   15.43s 
 99.990%   15.99s 
 99.999%   16.11s 
100.000%   16.11s 

  Detailed Percentile spectrum:
       Value   Percentile   TotalCount 1/(1-Percentile)

     223.487     0.000000            1         1.00
    7270.399     0.100000         1200         1.11
    8519.679     0.200000         2405         1.25
    9306.111     0.300000         3613         1.43
    9904.127     0.400000         4808         1.67
   10452.991     0.500000         6011         2.00
   10706.943     0.550000         6611         2.22
   10969.087     0.600000         7211         2.50
   11239.423     0.650000         7805         2.86
   11534.335     0.700000         8409         3.33
   11812.863     0.750000         8995         4.00
   11960.319     0.775000         9297         4.44
   12124.159     0.800000         9605         5.00
   12296.191     0.825000         9896         5.71
   12492.799     0.850000        10196         6.67
   12705.791     0.875000        10493         8.00
   12812.287     0.887500        10651         8.89
   12926.975     0.900000        10793        10.00
   13074.431     0.912500        10944        11.43
   13230.079     0.925000        11094        13.33
   13385.727     0.937500        11243        16.00
   13459.455     0.943750        11318        17.78
   13549.567     0.950000        11394        20.00
   13672.447     0.956250        11474        22.86
   13778.943     0.962500        11544        26.67
   13877.247     0.968750        11617        32.00
   13950.975     0.971875        11655        35.56
   14041.087     0.975000        11696        40.00
   14098.431     0.978125        11730        45.71
   14204.927     0.981250        11768        53.33
   14303.231     0.984375        11806        64.00
   14368.767     0.985938        11824        71.11
   14426.111     0.987500        11845        80.00
   14475.263     0.989062        11861        91.43
   14540.799     0.990625        11881       106.67
   14589.951     0.992188        11898       128.00
   14647.295     0.992969        11907       142.22
   14712.831     0.993750        11917       160.00
   14770.175     0.994531        11928       182.86
   14802.943     0.995313        11936       213.33
   14909.439     0.996094        11946       256.00
   14934.015     0.996484        11949       284.44
   14966.783     0.996875        11956       320.00
   15065.087     0.997266        11960       365.71
   15114.239     0.997656        11963       426.67
   15261.695     0.998047        11969       512.00
   15269.887     0.998242        11972       568.89
   15278.079     0.998437        11973       640.00
   15294.463     0.998633        11975       731.43
   15417.343     0.998828        11977       853.33
   15441.919     0.999023        11980      1024.00
   15548.415     0.999121        11982      1137.78
   15548.415     0.999219        11982      1280.00
   15654.911     0.999316        11984      1462.86
   15654.911     0.999414        11984      1706.67
   15802.367     0.999512        11986      2048.00
   15802.367     0.999561        11986      2275.56
   15810.559     0.999609        11987      2560.00
   15810.559     0.999658        11987      2925.71
   15933.439     0.999707        11988      3413.33
   15974.399     0.999756        11989      4096.00
   15974.399     0.999780        11989      4551.11
   15974.399     0.999805        11989      5120.00
   15974.399     0.999829        11989      5851.43
   15990.783     0.999854        11990      6826.67
   15990.783     0.999878        11990      8192.00
   15990.783     0.999890        11990      9102.22
   15990.783     0.999902        11990     10240.00
   15990.783     0.999915        11990     11702.86
   16105.471     0.999927        11991     13653.33
   16105.471     1.000000        11991          inf
#[Mean    =    10265.612, StdDeviation   =     2175.810]
#[Max     =    16097.280, Total count    =        11991]
#[Buckets =           27, SubBuckets     =         2048]
-----------------------------------------------------------------------
  14217 requests in 30.01s, 2.59MB read
  Socket errors: connect 0, read 0, write 0, timeout 3
Requests/sec:    473.79  
Transfer/sec:     88.37KB
