Running 30s test @ http://10.111.138.180:8080/wrk2-api/home-timeline/read
  4 threads and 200 connections

  Thread calibration: mean lat.: 5.658ms, rate sampling interval: 10ms
  Thread calibration: mean lat.: 3.901ms, rate sampling interval: 10ms
  Thread calibration: mean lat.: 4.151ms, rate sampling interval: 10ms
  Thread calibration: mean lat.: 5.206ms, rate sampling interval: 10ms

-----------------------------------------------------------------------
Test Results @ http://10.111.138.180:8080/wrk2-api/home-timeline/read 
  Thread Stats   Avg      Stdev     99%   +/- Stdev
    Latency     1.18ms  219.73us   1.86ms   80.92%
    Req/Sec   209.87    150.21   600.00     71.66%
  Latency Distribution (HdrHistogram - Recorded Latency)
 50.000%    1.16ms
 75.000%    1.27ms
 90.000%    1.41ms
 99.000%    1.86ms
 99.900%    3.32ms
 99.990%    4.18ms
 99.999%    4.93ms
100.000%    4.93ms

  Detailed Percentile spectrum:
       Value   Percentile   TotalCount 1/(1-Percentile)

       0.734     0.000000            1         1.00
       0.975     0.100000         1601         1.11
       1.033     0.200000         3197         1.25
       1.076     0.300000         4779         1.43
       1.116     0.400000         6358         1.67
       1.156     0.500000         7973         2.00
       1.175     0.550000         8765         2.22
       1.195     0.600000         9548         2.50
       1.216     0.650000        10331         2.86
       1.242     0.700000        11113         3.33
       1.271     0.750000        11910         4.00
       1.289     0.775000        12306         4.44
       1.309     0.800000        12714         5.00
       1.331     0.825000        13106         5.71
       1.354     0.850000        13504         6.67
       1.382     0.875000        13893         8.00
       1.397     0.887500        14089         8.89
       1.413     0.900000        14295        10.00
       1.430     0.912500        14489        11.43
       1.451     0.925000        14683        13.33
       1.476     0.937500        14883        16.00
       1.491     0.943750        14988        17.78
       1.506     0.950000        15081        20.00
       1.523     0.956250        15180        22.86
       1.547     0.962500        15281        26.67
       1.573     0.968750        15380        32.00
       1.591     0.971875        15429        35.56
       1.613     0.975000        15476        40.00
       1.639     0.978125        15525        45.71
       1.662     0.981250        15575        53.33
       1.726     0.984375        15624        64.00
       1.747     0.985938        15650        71.11
       1.777     0.987500        15674        80.00
       1.831     0.989062        15699        91.43
       1.887     0.990625        15724       106.67
       2.014     0.992188        15749       128.00
       2.079     0.992969        15762       142.22
       2.109     0.993750        15774       160.00
       2.157     0.994531        15786       182.86
       2.233     0.995313        15798       213.33
       2.325     0.996094        15810       256.00
       2.363     0.996484        15817       284.44
       2.465     0.996875        15823       320.00
       2.621     0.997266        15829       365.71
       2.763     0.997656        15835       426.67
       2.877     0.998047        15841       512.00
       3.005     0.998242        15845       568.89
       3.183     0.998437        15848       640.00
       3.259     0.998633        15851       731.43
       3.291     0.998828        15854       853.33
       3.323     0.999023        15857      1024.00
       3.513     0.999121        15859      1137.78
       3.563     0.999219        15860      1280.00
       3.635     0.999316        15862      1462.86
       3.689     0.999414        15863      1706.67
       3.853     0.999512        15865      2048.00
       3.909     0.999561        15866      2275.56
       3.909     0.999609        15866      2560.00
       3.943     0.999658        15867      2925.71
       4.093     0.999707        15868      3413.33
       4.131     0.999756        15869      4096.00
       4.131     0.999780        15869      4551.11
       4.131     0.999805        15869      5120.00
       4.183     0.999829        15870      5851.43
       4.183     0.999854        15870      6826.67
       4.923     0.999878        15871      8192.00
       4.923     0.999890        15871      9102.22
       4.923     0.999902        15871     10240.00
       4.923     0.999915        15871     11702.86
       4.923     0.999927        15871     13653.33
       4.935     0.999939        15872     16384.00
       4.935     1.000000        15872          inf
#[Mean    =        1.185, StdDeviation   =        0.220]
#[Max     =        4.932, Total count    =        15872]
#[Buckets =           27, SubBuckets     =         2048]
-----------------------------------------------------------------------
  23843 requests in 30.01s, 3.98MB read
Requests/sec:    794.61  
Transfer/sec:    135.80KB
