Running 30s test @ http://10.111.138.180:8080/wrk2-api/post/compose
  4 threads and 200 connections

  Thread calibration: mean lat.: 4908.947ms, rate sampling interval: 14049ms
  Thread calibration: mean lat.: 4875.012ms, rate sampling interval: 14032ms
  Thread calibration: mean lat.: 4715.904ms, rate sampling interval: 13803ms
  Thread calibration: mean lat.: 4861.242ms, rate sampling interval: 14032ms

-----------------------------------------------------------------------
Test Results @ http://10.111.138.180:8080/wrk2-api/post/compose 
  Thread Stats   Avg      Stdev     99%   +/- Stdev
    Latency    11.78s     2.01s   15.34s    68.29%
    Req/Sec   126.50      0.87   127.00    100.00%
  Latency Distribution (HdrHistogram - Recorded Latency)
 50.000%   12.08s 
 75.000%   13.29s 
 90.000%   14.13s 
 99.000%   15.34s 
 99.900%   16.31s 
 99.990%   16.69s 
 99.999%   16.76s 
100.000%   16.76s 

  Detailed Percentile spectrum:
       Value   Percentile   TotalCount 1/(1-Percentile)

    3774.463     0.000000            1         1.00
    8921.087     0.100000         1218         1.11
   10125.311     0.200000         2427         1.25
   10821.631     0.300000         3639         1.43
   11468.799     0.400000         4846         1.67
   12075.007     0.500000         6061         2.00
   12345.343     0.550000         6670         2.22
   12591.103     0.600000         7272         2.50
   12828.671     0.650000         7886         2.86
   13058.047     0.700000         8476         3.33
   13287.423     0.750000         9078         4.00
   13410.303     0.775000         9391         4.44
   13533.183     0.800000         9681         5.00
   13664.255     0.825000         9989         5.71
   13803.519     0.850000        10298         6.67
   13959.167     0.875000        10591         8.00
   14049.279     0.887500        10748         8.89
   14131.199     0.900000        10895        10.00
   14237.695     0.912500        11048        11.43
   14344.191     0.925000        11197        13.33
   14467.071     0.937500        11350        16.00
   14532.607     0.943750        11424        17.78
   14606.335     0.950000        11499        20.00
   14688.255     0.956250        11569        22.86
   14778.367     0.962500        11647        26.67
   14868.479     0.968750        11725        32.00
   14925.823     0.971875        11761        35.56
   14974.975     0.975000        11802        40.00
   15015.935     0.978125        11834        45.71
   15089.663     0.981250        11874        53.33
   15147.007     0.984375        11909        64.00
   15204.351     0.985938        11933        71.11
   15253.503     0.987500        11949        80.00
   15302.655     0.989062        11966        91.43
   15376.383     0.990625        11985       106.67
   15433.727     0.992188        12004       128.00
   15474.687     0.992969        12015       142.22
   15515.647     0.993750        12024       160.00
   15548.415     0.994531        12032       182.86
   15581.183     0.995313        12042       213.33
   15712.255     0.996094        12051       256.00
   15761.407     0.996484        12056       284.44
   15785.983     0.996875        12061       320.00
   15826.943     0.997266        12065       365.71
   15933.439     0.997656        12070       426.67
   16039.935     0.998047        12075       512.00
   16113.663     0.998242        12077       568.89
   16171.007     0.998437        12080       640.00
   16211.967     0.998633        12082       731.43
   16293.887     0.998828        12084       853.33
   16383.999     0.999023        12087      1024.00
   16408.575     0.999121        12088      1137.78
   16441.343     0.999219        12089      1280.00
   16465.919     0.999316        12090      1462.86
   16474.111     0.999414        12091      1706.67
   16596.991     0.999512        12093      2048.00
   16596.991     0.999561        12093      2275.56
   16605.183     0.999609        12094      2560.00
   16605.183     0.999658        12094      2925.71
   16629.759     0.999707        12095      3413.33
   16662.527     0.999756        12096      4096.00
   16662.527     0.999780        12096      4551.11
   16662.527     0.999805        12096      5120.00
   16662.527     0.999829        12096      5851.43
   16687.103     0.999854        12097      6826.67
   16687.103     0.999878        12097      8192.00
   16687.103     0.999890        12097      9102.22
   16687.103     0.999902        12097     10240.00
   16687.103     0.999915        12097     11702.86
   16760.831     0.999927        12098     13653.33
   16760.831     1.000000        12098          inf
#[Mean    =    11775.947, StdDeviation   =     2008.897]
#[Max     =    16752.640, Total count    =        12098]
#[Buckets =           27, SubBuckets     =         2048]
-----------------------------------------------------------------------
  14262 requests in 30.05s, 2.60MB read
Requests/sec:    474.63  
Transfer/sec:     88.53KB
