Running 30s test @ http://10.111.138.180:8080/wrk2-api/post/compose
  4 threads and 200 connections

  Thread calibration: mean lat.: 4751.053ms, rate sampling interval: 14254ms
  Thread calibration: mean lat.: 4947.072ms, rate sampling interval: 14835ms
  Thread calibration: mean lat.: 4994.048ms, rate sampling interval: 14499ms
  Thread calibration: mean lat.: 4915.412ms, rate sampling interval: 14286ms

-----------------------------------------------------------------------
Test Results @ http://10.111.138.180:8080/wrk2-api/post/compose 
  Thread Stats   Avg      Stdev     99%   +/- Stdev
    Latency    12.99s     2.32s   17.24s    69.64%
    Req/Sec   120.50      1.50   123.00    100.00%
  Latency Distribution (HdrHistogram - Recorded Latency)
 50.000%   13.34s 
 75.000%   14.64s 
 90.000%   15.62s 
 99.000%   17.24s 
 99.900%   18.86s 
 99.990%   19.28s 
 99.999%   19.40s 
100.000%   19.40s 

  Detailed Percentile spectrum:
       Value   Percentile   TotalCount 1/(1-Percentile)

    4775.935     0.000000            1         1.00
    9494.527     0.100000         1185         1.11
   11182.079     0.200000         2368         1.25
   12165.119     0.300000         3561         1.43
   12853.247     0.400000         4745         1.67
   13336.575     0.500000         5923         2.00
   13582.335     0.550000         6518         2.22
   13852.671     0.600000         7110         2.50
   14131.199     0.650000         7709         2.86
   14385.151     0.700000         8297         3.33
   14639.103     0.750000         8883         4.00
   14786.559     0.775000         9187         4.44
   14925.823     0.800000         9474         5.00
   15081.471     0.825000         9769         5.71
   15245.311     0.850000        10072         6.67
   15417.343     0.875000        10361         8.00
   15532.031     0.887500        10512         8.89
   15622.143     0.900000        10654        10.00
   15753.215     0.912500        10806        11.43
   15876.095     0.925000        10954        13.33
   16015.359     0.937500        11105        16.00
   16089.087     0.943750        11170        17.78
   16179.199     0.950000        11244        20.00
   16277.503     0.956250        11320        22.86
   16375.807     0.962500        11390        26.67
   16490.495     0.968750        11466        32.00
   16556.031     0.971875        11502        35.56
   16646.143     0.975000        11539        40.00
   16711.679     0.978125        11576        45.71
   16793.599     0.981250        11617        53.33
   16924.671     0.984375        11651        64.00
   16990.207     0.985938        11667        71.11
   17088.511     0.987500        11687        80.00
   17170.431     0.989062        11704        91.43
   17285.119     0.990625        11724       106.67
   17416.191     0.992188        11741       128.00
   17481.727     0.992969        11751       142.22
   17547.263     0.993750        11760       160.00
   17612.799     0.994531        11770       182.86
   17711.103     0.995313        11779       213.33
   17809.407     0.996094        11788       256.00
   17858.559     0.996484        11793       284.44
   17924.095     0.996875        11797       320.00
   17973.247     0.997266        11802       365.71
   18104.319     0.997656        11806       426.67
   18284.543     0.998047        11810       512.00
   18366.463     0.998242        11813       568.89
   18579.455     0.998437        11815       640.00
   18661.375     0.998633        11817       731.43
   18841.599     0.998828        11820       853.33
   18956.287     0.999023        11822      1024.00
   19038.207     0.999121        11823      1137.78
   19136.511     0.999219        11824      1280.00
   19152.895     0.999316        11825      1462.86
   19185.663     0.999414        11828      1706.67
   19185.663     0.999512        11828      2048.00
   19185.663     0.999561        11828      2275.56
   19202.047     0.999609        11829      2560.00
   19202.047     0.999658        11829      2925.71
   19234.815     0.999707        11830      3413.33
   19283.967     0.999756        11832      4096.00
   19283.967     0.999780        11832      4551.11
   19283.967     0.999805        11832      5120.00
   19283.967     0.999829        11832      5851.43
   19283.967     0.999854        11832      6826.67
   19283.967     0.999878        11832      8192.00
   19283.967     0.999890        11832      9102.22
   19283.967     0.999902        11832     10240.00
   19283.967     0.999915        11832     11702.86
   19398.655     0.999927        11833     13653.33
   19398.655     1.000000        11833          inf
#[Mean    =    12992.421, StdDeviation   =     2315.086]
#[Max     =    19382.272, Total count    =        11833]
#[Buckets =           27, SubBuckets     =         2048]
-----------------------------------------------------------------------
  14147 requests in 30.02s, 2.58MB read
Requests/sec:    471.24  
Transfer/sec:     87.90KB
