Running 30s test @ http://10.111.138.180:8080/wrk2-api/home-timeline/read
  4 threads and 200 connections

  Thread calibration: mean lat.: 1.977ms, rate sampling interval: 10ms
  Thread calibration: mean lat.: 1.836ms, rate sampling interval: 10ms
  Thread calibration: mean lat.: 1.619ms, rate sampling interval: 10ms
  Thread calibration: mean lat.: 1.707ms, rate sampling interval: 10ms

-----------------------------------------------------------------------
Test Results @ http://10.111.138.180:8080/wrk2-api/home-timeline/read 
  Thread Stats   Avg      Stdev     99%   +/- Stdev
    Latency     1.17ms  218.77us   1.81ms   80.19%
    Req/Sec   235.79    158.94   666.00     69.61%
  Latency Distribution (HdrHistogram - Recorded Latency)
 50.000%    1.13ms
 75.000%    1.25ms
 90.000%    1.40ms
 99.000%    1.81ms
 99.900%    3.30ms
 99.990%    5.19ms
 99.999%    5.71ms
100.000%    5.71ms

  Detailed Percentile spectrum:
       Value   Percentile   TotalCount 1/(1-Percentile)

       0.733     0.000000            1         1.00
       0.954     0.100000         1788         1.11
       1.010     0.200000         3571         1.25
       1.056     0.300000         5383         1.43
       1.096     0.400000         7154         1.67
       1.135     0.500000         8940         2.00
       1.155     0.550000         9834         2.22
       1.177     0.600000        10734         2.50
       1.199     0.650000        11622         2.86
       1.224     0.700000        12507         3.33
       1.255     0.750000        13410         4.00
       1.272     0.775000        13840         4.44
       1.291     0.800000        14289         5.00
       1.312     0.825000        14729         5.71
       1.338     0.850000        15185         6.67
       1.364     0.875000        15622         8.00
       1.382     0.887500        15860         8.89
       1.398     0.900000        16076        10.00
       1.417     0.912500        16306        11.43
       1.440     0.925000        16520        13.33
       1.468     0.937500        16741        16.00
       1.485     0.943750        16850        17.78
       1.501     0.950000        16961        20.00
       1.518     0.956250        17073        22.86
       1.540     0.962500        17186        26.67
       1.569     0.968750        17297        32.00
       1.587     0.971875        17351        35.56
       1.602     0.975000        17409        40.00
       1.627     0.978125        17466        45.71
       1.654     0.981250        17521        53.33
       1.700     0.984375        17577        64.00
       1.715     0.985938        17602        71.11
       1.752     0.987500        17630        80.00
       1.788     0.989062        17658        91.43
       1.823     0.990625        17686       106.67
       1.901     0.992188        17714       128.00
       1.935     0.992969        17728       142.22
       1.975     0.993750        17743       160.00
       2.025     0.994531        17756       182.86
       2.073     0.995313        17771       213.33
       2.131     0.996094        17785       256.00
       2.169     0.996484        17791       284.44
       2.227     0.996875        17798       320.00
       2.299     0.997266        17805       365.71
       2.385     0.997656        17812       426.67
       2.463     0.998047        17819       512.00
       2.585     0.998242        17822       568.89
       2.699     0.998437        17826       640.00
       2.863     0.998633        17829       731.43
       3.143     0.998828        17833       853.33
       3.347     0.999023        17836      1024.00
       3.423     0.999121        17838      1137.78
       3.655     0.999219        17840      1280.00
       3.661     0.999316        17841      1462.86
       3.789     0.999414        17843      1706.67
       3.955     0.999512        17845      2048.00
       4.247     0.999561        17846      2275.56
       4.315     0.999609        17847      2560.00
       4.315     0.999658        17847      2925.71
       4.695     0.999707        17848      3413.33
       4.971     0.999756        17849      4096.00
       5.019     0.999780        17850      4551.11
       5.019     0.999805        17850      5120.00
       5.019     0.999829        17850      5851.43
       5.187     0.999854        17851      6826.67
       5.187     0.999878        17851      8192.00
       5.635     0.999890        17852      9102.22
       5.635     0.999902        17852     10240.00
       5.635     0.999915        17852     11702.86
       5.635     0.999927        17852     13653.33
       5.635     0.999939        17852     16384.00
       5.711     0.999945        17853     18204.44
       5.711     1.000000        17853          inf
#[Mean    =        1.166, StdDeviation   =        0.219]
#[Max     =        5.708, Total count    =        17853]
#[Buckets =           27, SubBuckets     =         2048]
-----------------------------------------------------------------------
  26824 requests in 30.02s, 4.48MB read
Requests/sec:    893.58  
Transfer/sec:    152.71KB
