Running 30s test @ http://10.111.138.180:8080/wrk2-api/home-timeline/read
  4 threads and 200 connections

  Thread calibration: mean lat.: 3.705ms, rate sampling interval: 10ms
  Thread calibration: mean lat.: 4.270ms, rate sampling interval: 10ms
  Thread calibration: mean lat.: 4.481ms, rate sampling interval: 10ms
  Thread calibration: mean lat.: 4.354ms, rate sampling interval: 10ms

-----------------------------------------------------------------------
Test Results @ http://10.111.138.180:8080/wrk2-api/home-timeline/read 
  Thread Stats   Avg      Stdev     99%   +/- Stdev
    Latency     1.16ms  227.59us   1.85ms   81.94%
    Req/Sec   263.91    167.15   700.00     74.36%
  Latency Distribution (HdrHistogram - Recorded Latency)
 50.000%    1.12ms
 75.000%    1.24ms
 90.000%    1.39ms
 99.000%    1.85ms
 99.900%    3.35ms
 99.990%    4.85ms
 99.999%    6.26ms
100.000%    6.26ms

  Detailed Percentile spectrum:
       Value   Percentile   TotalCount 1/(1-Percentile)

       0.723     0.000000            1         1.00
       0.944     0.100000         2011         1.11
       0.998     0.200000         4011         1.25
       1.042     0.300000         6019         1.43
       1.083     0.400000         8037         1.67
       1.122     0.500000        10026         2.00
       1.141     0.550000        11020         2.22
       1.162     0.600000        12003         2.50
       1.185     0.650000        13015         2.86
       1.211     0.700000        14020         3.33
       1.242     0.750000        14996         4.00
       1.261     0.775000        15505         4.44
       1.282     0.800000        16007         5.00
       1.304     0.825000        16501         5.71
       1.328     0.850000        17011         6.67
       1.357     0.875000        17498         8.00
       1.374     0.887500        17747         8.89
       1.390     0.900000        17990        10.00
       1.411     0.912500        18242        11.43
       1.435     0.925000        18490        13.33
       1.460     0.937500        18739        16.00
       1.475     0.943750        18864        17.78
       1.492     0.950000        18989        20.00
       1.511     0.956250        19113        22.86
       1.537     0.962500        19242        26.67
       1.571     0.968750        19367        32.00
       1.587     0.971875        19425        35.56
       1.610     0.975000        19488        40.00
       1.643     0.978125        19554        45.71
       1.673     0.981250        19614        53.33
       1.727     0.984375        19675        64.00
       1.752     0.985938        19707        71.11
       1.792     0.987500        19739        80.00
       1.832     0.989062        19771        91.43
       1.875     0.990625        19800       106.67
       1.952     0.992188        19831       128.00
       2.020     0.992969        19848       142.22
       2.075     0.993750        19863       160.00
       2.137     0.994531        19878       182.86
       2.259     0.995313        19894       213.33
       2.319     0.996094        19909       256.00
       2.395     0.996484        19917       284.44
       2.435     0.996875        19925       320.00
       2.525     0.997266        19933       365.71
       2.631     0.997656        19941       426.67
       2.845     0.998047        19948       512.00
       3.007     0.998242        19952       568.89
       3.079     0.998437        19956       640.00
       3.183     0.998633        19960       731.43
       3.263     0.998828        19964       853.33
       3.389     0.999023        19968      1024.00
       3.579     0.999121        19970      1137.78
       3.745     0.999219        19972      1280.00
       3.801     0.999316        19974      1462.86
       3.925     0.999414        19976      1706.67
       3.973     0.999512        19978      2048.00
       4.053     0.999561        19979      2275.56
       4.059     0.999609        19980      2560.00
       4.167     0.999658        19981      2925.71
       4.287     0.999707        19982      3413.33
       4.419     0.999756        19983      4096.00
       4.419     0.999780        19983      4551.11
       4.795     0.999805        19984      5120.00
       4.795     0.999829        19984      5851.43
       4.847     0.999854        19985      6826.67
       4.847     0.999878        19985      8192.00
       4.847     0.999890        19985      9102.22
       5.475     0.999902        19986     10240.00
       5.475     0.999915        19986     11702.86
       5.475     0.999927        19986     13653.33
       5.475     0.999939        19986     16384.00
       5.475     0.999945        19986     18204.44
       6.259     0.999951        19987     20480.00
       6.259     1.000000        19987          inf
#[Mean    =        1.156, StdDeviation   =        0.228]
#[Max     =        6.256, Total count    =        19987]
#[Buckets =           27, SubBuckets     =         2048]
-----------------------------------------------------------------------
  29896 requests in 30.00s, 4.99MB read
Requests/sec:    996.58  
Transfer/sec:    170.31KB
