Running 30s test @ http://10.111.138.180:8080/wrk2-api/post/compose
  4 threads and 200 connections

  Thread calibration: mean lat.: 5738.693ms, rate sampling interval: 15605ms
  Thread calibration: mean lat.: 5944.603ms, rate sampling interval: 15613ms
  Thread calibration: mean lat.: 6017.399ms, rate sampling interval: 15835ms
  Thread calibration: mean lat.: 5917.969ms, rate sampling interval: 15802ms

-----------------------------------------------------------------------
Test Results @ http://10.111.138.180:8080/wrk2-api/post/compose 
  Thread Stats   Avg      Stdev     99%   +/- Stdev
    Latency     8.70s     1.94s   14.62s    71.85%
    Req/Sec   200.75      0.83   202.00    100.00%
  Latency Distribution (HdrHistogram - Recorded Latency)
 50.000%    8.45s 
 75.000%    9.70s 
 90.000%   11.25s 
 99.000%   14.62s 
 99.900%   16.06s 
 99.990%   17.02s 
 99.999%   17.04s 
100.000%   17.04s 

  Detailed Percentile spectrum:
       Value   Percentile   TotalCount 1/(1-Percentile)

    3766.271     0.000000            1         1.00
    6500.351     0.100000         1413         1.11
    7147.519     0.200000         2825         1.25
    7634.943     0.300000         4240         1.43
    8040.447     0.400000         5654         1.67
    8445.951     0.500000         7076         2.00
    8650.751     0.550000         7778         2.22
    8863.743     0.600000         8479         2.50
    9117.695     0.650000         9195         2.86
    9388.031     0.700000         9883         3.33
    9699.327     0.750000        10588         4.00
    9879.551     0.775000        10949         4.44
   10076.159     0.800000        11294         5.00
   10305.535     0.825000        11652         5.71
   10559.487     0.850000        12012         6.67
   10846.207     0.875000        12357         8.00
   11051.007     0.887500        12537         8.89
   11247.615     0.900000        12706        10.00
   11476.991     0.912500        12882        11.43
   11730.943     0.925000        13062        13.33
   12042.239     0.937500        13235        16.00
   12238.847     0.943750        13323        17.78
   12451.839     0.950000        13413        20.00
   12689.407     0.956250        13502        22.86
   12951.551     0.962500        13588        26.67
   13271.039     0.968750        13678        32.00
   13418.495     0.971875        13722        35.56
   13590.527     0.975000        13766        40.00
   13795.327     0.978125        13812        45.71
   13975.551     0.981250        13854        53.33
   14188.543     0.984375        13897        64.00
   14286.847     0.985938        13920        71.11
   14434.303     0.987500        13941        80.00
   14589.951     0.989062        13964        91.43
   14696.447     0.990625        13987       106.67
   14868.479     0.992188        14007       128.00
   14974.975     0.992969        14018       142.22
   15106.047     0.993750        14030       160.00
   15179.775     0.994531        14041       182.86
   15286.271     0.995313        14051       213.33
   15368.191     0.996094        14062       256.00
   15441.919     0.996484        14068       284.44
   15540.223     0.996875        14073       320.00
   15622.143     0.997266        14079       365.71
   15704.063     0.997656        14085       426.67
   15761.407     0.998047        14090       512.00
   15777.791     0.998242        14093       568.89
   15802.367     0.998437        14095       640.00
   15892.479     0.998633        14098       731.43
   15941.631     0.998828        14101       853.33
   16064.511     0.999023        14104      1024.00
   16097.279     0.999121        14105      1137.78
   16171.007     0.999219        14106      1280.00
   16211.967     0.999316        14108      1462.86
   16277.503     0.999414        14109      1706.67
   16523.263     0.999512        14111      2048.00
   16523.263     0.999561        14111      2275.56
   16629.759     0.999609        14112      2560.00
   16670.719     0.999658        14113      2925.71
   16670.719     0.999707        14113      3413.33
   16809.983     0.999756        14114      4096.00
   16809.983     0.999780        14114      4551.11
   16941.055     0.999805        14115      5120.00
   16941.055     0.999829        14115      5851.43
   16941.055     0.999854        14115      6826.67
   17022.975     0.999878        14116      8192.00
   17022.975     0.999890        14116      9102.22
   17022.975     0.999902        14116     10240.00
   17022.975     0.999915        14116     11702.86
   17022.975     0.999927        14116     13653.33
   17039.359     0.999939        14117     16384.00
   17039.359     1.000000        14117          inf
#[Mean    =     8700.613, StdDeviation   =     1937.240]
#[Max     =    17022.976, Total count    =        14117]
#[Buckets =           27, SubBuckets     =         2048]
-----------------------------------------------------------------------
  16452 requests in 30.02s, 3.00MB read
Requests/sec:    548.04  
Transfer/sec:    102.24KB
