Running 30s test @ http://10.111.138.180:8080/wrk2-api/post/compose
  4 threads and 200 connections

  Thread calibration: mean lat.: 2640.033ms, rate sampling interval: 9101ms
  Thread calibration: mean lat.: 2705.260ms, rate sampling interval: 8830ms
  Thread calibration: mean lat.: 2796.676ms, rate sampling interval: 9166ms
  Thread calibration: mean lat.: 2872.626ms, rate sampling interval: 9486ms

-----------------------------------------------------------------------
Test Results @ http://10.111.138.180:8080/wrk2-api/post/compose 
  Thread Stats   Avg      Stdev     99%   +/- Stdev
    Latency   194.55ms  615.31ms   3.35s    92.40%
    Req/Sec   134.88     10.25   148.00     62.50%
  Latency Distribution (HdrHistogram - Recorded Latency)
 50.000%    9.88ms
 75.000%   12.91ms
 90.000%  322.82ms
 99.000%    3.35s 
 99.900%    4.34s 
 99.990%    4.67s 
 99.999%    4.82s 
100.000%    4.82s 

  Detailed Percentile spectrum:
       Value   Percentile   TotalCount 1/(1-Percentile)

       6.727     0.000000            1         1.00
       8.071     0.100000         1057         1.11
       8.519     0.200000         2112         1.25
       8.919     0.300000         3168         1.43
       9.351     0.400000         4238         1.67
       9.879     0.500000         5291         2.00
      10.199     0.550000         5811         2.22
      10.559     0.600000         6347         2.50
      11.063     0.650000         6872         2.86
      11.727     0.700000         7396         3.33
      12.911     0.750000         7920         4.00
      13.975     0.775000         8184         4.44
      16.431     0.800000         8448         5.00
      45.695     0.825000         8712         5.71
     126.463     0.850000         8976         6.67
     208.639     0.875000         9240         8.00
     265.215     0.887500         9372         8.89
     323.839     0.900000         9504        10.00
     496.895     0.912500         9636        11.43
     823.807     0.925000         9768        13.33
    1144.831     0.937500         9900        16.00
    1375.231     0.943750         9966        17.78
    1575.935     0.950000        10032        20.00
    1787.903     0.956250        10098        22.86
    1968.127     0.962500        10164        26.67
    2201.599     0.968750        10230        32.00
    2310.143     0.971875        10263        35.56
    2422.783     0.975000        10296        40.00
    2549.759     0.978125        10329        45.71
    2734.079     0.981250        10362        53.33
    2895.871     0.984375        10395        64.00
    3012.607     0.985938        10411        71.11
    3164.159     0.987500        10428        80.00
    3307.519     0.989062        10445        91.43
    3416.063     0.990625        10461       106.67
    3504.127     0.992188        10477       128.00
    3575.807     0.992969        10485       142.22
    3649.535     0.993750        10494       160.00
    3813.375     0.994531        10502       182.86
    3868.671     0.995313        10510       213.33
    3977.215     0.996094        10519       256.00
    3987.455     0.996484        10522       284.44
    4038.655     0.996875        10528       320.00
    4059.135     0.997266        10531       365.71
    4098.047     0.997656        10535       426.67
    4112.383     0.998047        10539       512.00
    4239.359     0.998242        10541       568.89
    4272.127     0.998437        10543       640.00
    4304.895     0.998633        10545       731.43
    4325.375     0.998828        10547       853.33
    4345.855     0.999023        10549      1024.00
    4349.951     0.999121        10550      1137.78
    4358.143     0.999219        10552      1280.00
    4358.143     0.999316        10552      1462.86
    4415.487     0.999414        10553      1706.67
    4423.679     0.999512        10554      2048.00
    4435.967     0.999561        10555      2275.56
    4435.967     0.999609        10555      2560.00
    4472.831     0.999658        10556      2925.71
    4472.831     0.999707        10556      3413.33
    4612.095     0.999756        10557      4096.00
    4612.095     0.999780        10557      4551.11
    4612.095     0.999805        10557      5120.00
    4665.343     0.999829        10558      5851.43
    4665.343     0.999854        10558      6826.67
    4665.343     0.999878        10558      8192.00
    4665.343     0.999890        10558      9102.22
    4665.343     0.999902        10558     10240.00
    4816.895     0.999915        10559     11702.86
    4816.895     1.000000        10559          inf
#[Mean    =      194.553, StdDeviation   =      615.315]
#[Max     =     4812.800, Total count    =        10559]
#[Buckets =           27, SubBuckets     =         2048]
-----------------------------------------------------------------------
  14737 requests in 30.00s, 2.68MB read
  Socket errors: connect 0, read 0, write 0, timeout 19
Requests/sec:    491.22  
Transfer/sec:     91.62KB
