Running 30s test @ http://10.111.138.180:8080/wrk2-api/home-timeline/read
  4 threads and 200 connections

  Thread calibration: mean lat.: 1.395ms, rate sampling interval: 10ms
  Thread calibration: mean lat.: 1.441ms, rate sampling interval: 10ms
  Thread calibration: mean lat.: 1.486ms, rate sampling interval: 10ms
  Thread calibration: mean lat.: 1.435ms, rate sampling interval: 10ms

-----------------------------------------------------------------------
Test Results @ http://10.111.138.180:8080/wrk2-api/home-timeline/read 
  Thread Stats   Avg      Stdev     99%   +/- Stdev
    Latency     1.22ms  188.16us   1.68ms   78.12%
    Req/Sec   131.52    118.49   444.00     58.03%
  Latency Distribution (HdrHistogram - Recorded Latency)
 50.000%    1.20ms
 75.000%    1.31ms
 90.000%    1.42ms
 99.000%    1.68ms
 99.900%    3.08ms
 99.990%    4.33ms
 99.999%    4.43ms
100.000%    4.43ms

  Detailed Percentile spectrum:
       Value   Percentile   TotalCount 1/(1-Percentile)

       0.748     0.000000            1         1.00
       1.022     0.100000          998         1.11
       1.083     0.200000         2012         1.25
       1.127     0.300000         2996         1.43
       1.166     0.400000         4000         1.67
       1.201     0.500000         4978         2.00
       1.220     0.550000         5494         2.22
       1.240     0.600000         5994         2.50
       1.259     0.650000         6476         2.86
       1.282     0.700000         6986         3.33
       1.308     0.750000         7466         4.00
       1.323     0.775000         7723         4.44
       1.337     0.800000         7976         5.00
       1.355     0.825000         8215         5.71
       1.373     0.850000         8463         6.67
       1.393     0.875000         8709         8.00
       1.405     0.887500         8846         8.89
       1.417     0.900000         8962        10.00
       1.432     0.912500         9086        11.43
       1.451     0.925000         9211        13.33
       1.471     0.937500         9333        16.00
       1.483     0.943750         9397        17.78
       1.495     0.950000         9460        20.00
       1.509     0.956250         9518        22.86
       1.525     0.962500         9584        26.67
       1.545     0.968750         9644        32.00
       1.556     0.971875         9675        35.56
       1.571     0.975000         9708        40.00
       1.584     0.978125         9737        45.71
       1.606     0.981250         9768        53.33
       1.627     0.984375         9800        64.00
       1.641     0.985938         9815        71.11
       1.654     0.987500         9829        80.00
       1.671     0.989062         9845        91.43
       1.694     0.990625         9860       106.67
       1.762     0.992188         9876       128.00
       1.778     0.992969         9884       142.22
       1.804     0.993750         9891       160.00
       1.868     0.994531         9899       182.86
       1.910     0.995313         9907       213.33
       1.990     0.996094         9915       256.00
       2.089     0.996484         9919       284.44
       2.151     0.996875         9922       320.00
       2.195     0.997266         9926       365.71
       2.297     0.997656         9930       426.67
       2.417     0.998047         9934       512.00
       2.427     0.998242         9936       568.89
       2.645     0.998437         9938       640.00
       2.827     0.998633         9940       731.43
       2.903     0.998828         9942       853.33
       3.207     0.999023         9944      1024.00
       3.491     0.999121         9945      1137.78
       3.507     0.999219         9946      1280.00
       3.673     0.999316         9947      1462.86
       3.707     0.999414         9948      1706.67
       3.757     0.999512         9949      2048.00
       3.757     0.999561         9949      2275.56
       3.851     0.999609         9950      2560.00
       3.851     0.999658         9950      2925.71
       4.279     0.999707         9951      3413.33
       4.279     0.999756         9951      4096.00
       4.279     0.999780         9951      4551.11
       4.331     0.999805         9952      5120.00
       4.331     0.999829         9952      5851.43
       4.331     0.999854         9952      6826.67
       4.331     0.999878         9952      8192.00
       4.331     0.999890         9952      9102.22
       4.431     0.999902         9953     10240.00
       4.431     1.000000         9953          inf
#[Mean    =        1.219, StdDeviation   =        0.188]
#[Max     =        4.428, Total count    =         9953]
#[Buckets =           27, SubBuckets     =         2048]
-----------------------------------------------------------------------
  14938 requests in 30.02s, 2.49MB read
  Socket errors: connect 0, read 0, write 0, timeout 20
Requests/sec:    497.66  
Transfer/sec:     85.05KB
