Running 30s test @ http://10.111.138.180:8080/wrk2-api/post/compose
  4 threads and 200 connections

  Thread calibration: mean lat.: 3172.222ms, rate sampling interval: 9682ms
  Thread calibration: mean lat.: 3041.718ms, rate sampling interval: 8986ms
  Thread calibration: mean lat.: 3150.365ms, rate sampling interval: 9707ms
  Thread calibration: mean lat.: 3379.635ms, rate sampling interval: 9994ms

-----------------------------------------------------------------------
Test Results @ http://10.111.138.180:8080/wrk2-api/post/compose 
  Thread Stats   Avg      Stdev     99%   +/- Stdev
    Latency   790.95ms    1.13s    4.56s    83.86%
    Req/Sec   158.14     35.61   197.00     57.14%
  Latency Distribution (HdrHistogram - Recorded Latency)
 50.000%  176.77ms
 75.000%    1.27s 
 90.000%    2.54s 
 99.000%    4.56s 
 99.900%    5.76s 
 99.990%    6.23s 
 99.999%    6.43s 
100.000%    6.43s 

  Detailed Percentile spectrum:
       Value   Percentile   TotalCount 1/(1-Percentile)

       7.127     0.000000            1         1.00
       9.039     0.100000         1209         1.11
      10.151     0.200000         2418         1.25
      11.791     0.300000         3617         1.43
      15.919     0.400000         4823         1.67
     176.767     0.500000         6026         2.00
     301.055     0.550000         6629         2.22
     467.967     0.600000         7233         2.50
     704.511     0.650000         7835         2.86
     970.239     0.700000         8437         3.33
    1272.831     0.750000         9040         4.00
    1441.791     0.775000         9342         4.44
    1617.919     0.800000         9643         5.00
    1814.527     0.825000         9944         5.71
    2014.207     0.850000        10245         6.67
    2258.943     0.875000        10549         8.00
    2394.111     0.887500        10701         8.89
    2537.471     0.900000        10849        10.00
    2697.215     0.912500        10999        11.43
    2863.103     0.925000        11152        13.33
    3018.751     0.937500        11301        16.00
    3112.959     0.943750        11375        17.78
    3237.887     0.950000        11450        20.00
    3336.191     0.956250        11525        22.86
    3508.223     0.962500        11601        26.67
    3700.735     0.968750        11676        32.00
    3786.751     0.971875        11715        35.56
    3883.007     0.975000        11751        40.00
    3985.407     0.978125        11789        45.71
    4102.143     0.981250        11827        53.33
    4272.127     0.984375        11864        64.00
    4341.759     0.985938        11883        71.11
    4427.775     0.987500        11902        80.00
    4521.983     0.989062        11921        91.43
    4616.191     0.990625        11941       106.67
    4685.823     0.992188        11958       128.00
    4718.591     0.992969        11968       142.22
    4788.223     0.993750        11977       160.00
    4886.527     0.994531        11987       182.86
    4943.871     0.995313        11996       213.33
    5119.999     0.996094        12005       256.00
    5242.879     0.996484        12010       284.44
    5439.487     0.996875        12015       320.00
    5550.079     0.997266        12020       365.71
    5644.287     0.997656        12024       426.67
    5664.767     0.998047        12029       512.00
    5677.055     0.998242        12031       568.89
    5697.535     0.998437        12034       640.00
    5718.015     0.998633        12037       731.43
    5738.495     0.998828        12038       853.33
    5767.167     0.999023        12041      1024.00
    5783.551     0.999121        12042      1137.78
    5787.647     0.999219        12043      1280.00
    5804.031     0.999316        12044      1462.86
    5820.415     0.999414        12045      1706.67
    5853.183     0.999512        12048      2048.00
    5853.183     0.999561        12048      2275.56
    5853.183     0.999609        12048      2560.00
    5853.183     0.999658        12048      2925.71
    5926.911     0.999707        12049      3413.33
    6057.983     0.999756        12050      4096.00
    6057.983     0.999780        12050      4551.11
    6057.983     0.999805        12050      5120.00
    6057.983     0.999829        12050      5851.43
    6234.111     0.999854        12051      6826.67
    6234.111     0.999878        12051      8192.00
    6234.111     0.999890        12051      9102.22
    6234.111     0.999902        12051     10240.00
    6234.111     0.999915        12051     11702.86
    6434.815     0.999927        12052     13653.33
    6434.815     1.000000        12052          inf
#[Mean    =      790.950, StdDeviation   =     1130.527]
#[Max     =     6430.720, Total count    =        12052]
#[Buckets =           27, SubBuckets     =         2048]
-----------------------------------------------------------------------
  16440 requests in 30.03s, 2.99MB read
  Socket errors: connect 0, read 0, write 0, timeout 5
Requests/sec:    547.51  
Transfer/sec:    102.12KB
