Running 30s test @ http://10.111.138.180:8080/wrk2-api/home-timeline/read
  4 threads and 200 connections

  Thread calibration: mean lat.: 2.396ms, rate sampling interval: 10ms
  Thread calibration: mean lat.: 2.185ms, rate sampling interval: 10ms
  Thread calibration: mean lat.: 2.676ms, rate sampling interval: 10ms
  Thread calibration: mean lat.: 1.944ms, rate sampling interval: 10ms

-----------------------------------------------------------------------
Test Results @ http://10.111.138.180:8080/wrk2-api/home-timeline/read 
  Thread Stats   Avg      Stdev     99%   +/- Stdev
    Latency     1.20ms  196.59us   1.73ms   77.62%
    Req/Sec   156.80    130.20   555.00     58.49%
  Latency Distribution (HdrHistogram - Recorded Latency)
 50.000%    1.18ms
 75.000%    1.30ms
 90.000%    1.42ms
 99.000%    1.73ms
 99.900%    3.10ms
 99.990%    3.99ms
 99.999%    4.01ms
100.000%    4.01ms

  Detailed Percentile spectrum:
       Value   Percentile   TotalCount 1/(1-Percentile)

       0.745     0.000000            1         1.00
       0.999     0.100000         1196         1.11
       1.060     0.200000         2388         1.25
       1.105     0.300000         3578         1.43
       1.143     0.400000         4763         1.67
       1.181     0.500000         5956         2.00
       1.201     0.550000         6557         2.22
       1.220     0.600000         7131         2.50
       1.242     0.650000         7733         2.86
       1.269     0.700000         8333         3.33
       1.296     0.750000         8909         4.00
       1.313     0.775000         9209         4.44
       1.329     0.800000         9511         5.00
       1.345     0.825000         9802         5.71
       1.366     0.850000        10099         6.67
       1.391     0.875000        10405         8.00
       1.404     0.887500        10544         8.89
       1.418     0.900000        10689        10.00
       1.435     0.912500        10839        11.43
       1.453     0.925000        10997        13.33
       1.474     0.937500        11135        16.00
       1.487     0.943750        11217        17.78
       1.499     0.950000        11286        20.00
       1.513     0.956250        11363        22.86
       1.529     0.962500        11434        26.67
       1.549     0.968750        11505        32.00
       1.563     0.971875        11544        35.56
       1.577     0.975000        11580        40.00
       1.592     0.978125        11617        45.71
       1.616     0.981250        11655        53.33
       1.640     0.984375        11691        64.00
       1.657     0.985938        11709        71.11
       1.679     0.987500        11728        80.00
       1.714     0.989062        11747        91.43
       1.743     0.990625        11765       106.67
       1.776     0.992188        11784       128.00
       1.796     0.992969        11793       142.22
       1.853     0.993750        11802       160.00
       1.920     0.994531        11812       182.86
       2.037     0.995313        11821       213.33
       2.213     0.996094        11831       256.00
       2.259     0.996484        11835       284.44
       2.331     0.996875        11839       320.00
       2.375     0.997266        11844       365.71
       2.481     0.997656        11849       426.67
       2.593     0.998047        11853       512.00
       2.625     0.998242        11856       568.89
       2.655     0.998437        11858       640.00
       2.861     0.998633        11860       731.43
       3.095     0.998828        11863       853.33
       3.119     0.999023        11865      1024.00
       3.129     0.999121        11866      1137.78
       3.389     0.999219        11867      1280.00
       3.421     0.999316        11868      1462.86
       3.471     0.999414        11870      1706.67
       3.535     0.999512        11871      2048.00
       3.535     0.999561        11871      2275.56
       3.629     0.999609        11872      2560.00
       3.629     0.999658        11872      2925.71
       3.799     0.999707        11873      3413.33
       3.983     0.999756        11874      4096.00
       3.983     0.999780        11874      4551.11
       3.983     0.999805        11874      5120.00
       3.983     0.999829        11874      5851.43
       3.995     0.999854        11875      6826.67
       3.995     0.999878        11875      8192.00
       3.995     0.999890        11875      9102.22
       3.995     0.999902        11875     10240.00
       3.995     0.999915        11875     11702.86
       4.013     0.999927        11876     13653.33
       4.013     1.000000        11876          inf
#[Mean    =        1.203, StdDeviation   =        0.197]
#[Max     =        4.012, Total count    =        11876]
#[Buckets =           27, SubBuckets     =         2048]
-----------------------------------------------------------------------
  17849 requests in 30.03s, 2.98MB read
  Socket errors: connect 0, read 0, write 0, timeout 5
Requests/sec:    594.46  
Transfer/sec:    101.59KB
