Running 30s test @ http://10.111.138.180:8080/wrk2-api/post/compose
  4 threads and 200 connections

  Thread calibration: mean lat.: 4263.516ms, rate sampling interval: 11599ms
  Thread calibration: mean lat.: 4433.662ms, rate sampling interval: 11673ms
  Thread calibration: mean lat.: 4197.546ms, rate sampling interval: 11206ms
  Thread calibration: mean lat.: 4119.205ms, rate sampling interval: 11124ms

-----------------------------------------------------------------------
Test Results @ http://10.111.138.180:8080/wrk2-api/post/compose 
  Thread Stats   Avg      Stdev     99%   +/- Stdev
    Latency     2.76s     1.75s    7.01s    60.82%
    Req/Sec   222.00      4.42   227.00     75.00%
  Latency Distribution (HdrHistogram - Recorded Latency)
 50.000%    2.71s 
 75.000%    4.06s 
 90.000%    5.10s 
 99.000%    7.01s 
 99.900%    8.72s 
 99.990%   10.28s 
 99.999%   10.40s 
100.000%   10.40s 

  Detailed Percentile spectrum:
       Value   Percentile   TotalCount 1/(1-Percentile)

     154.623     0.000000            1         1.00
     398.591     0.100000         1307         1.11
     924.159     0.200000         2612         1.25
    1552.383     0.300000         3919         1.43
    2187.263     0.400000         5224         1.67
    2713.599     0.500000         6535         2.00
    2971.647     0.550000         7186         2.22
    3227.647     0.600000         7837         2.50
    3487.743     0.650000         8492         2.86
    3778.559     0.700000         9145         3.33
    4063.231     0.750000         9803         4.00
    4210.687     0.775000        10123         4.44
    4382.719     0.800000        10452         5.00
    4526.079     0.825000        10777         5.71
    4689.919     0.850000        11103         6.67
    4886.527     0.875000        11427         8.00
    4993.023     0.887500        11594         8.89
    5099.519     0.900000        11758        10.00
    5201.919     0.912500        11921        11.43
    5320.703     0.925000        12082        13.33
    5447.679     0.937500        12246        16.00
    5525.503     0.943750        12327        17.78
    5611.519     0.950000        12410        20.00
    5701.631     0.956250        12489        22.86
    5824.511     0.962500        12570        26.67
    5939.199     0.968750        12652        32.00
    6000.639     0.971875        12692        35.56
    6098.943     0.975000        12733        40.00
    6209.535     0.978125        12774        45.71
    6410.239     0.981250        12815        53.33
    6610.943     0.984375        12856        64.00
    6733.823     0.985938        12876        71.11
    6832.127     0.987500        12896        80.00
    6950.911     0.989062        12917        91.43
    7045.119     0.990625        12939       106.67
    7151.615     0.992188        12957       128.00
    7196.671     0.992969        12968       142.22
    7237.631     0.993750        12978       160.00
    7356.415     0.994531        12988       182.86
    7512.063     0.995313        12998       213.33
    7639.039     0.996094        13008       256.00
    7766.015     0.996484        13014       284.44
    7831.551     0.996875        13019       320.00
    7999.487     0.997266        13024       365.71
    8241.151     0.997656        13029       426.67
    8376.319     0.998047        13034       512.00
    8470.527     0.998242        13037       568.89
    8519.679     0.998437        13040       640.00
    8642.559     0.998633        13042       731.43
    8699.903     0.998828        13044       853.33
    8929.279     0.999023        13047      1024.00
    9093.119     0.999121        13048      1137.78
    9109.503     0.999219        13049      1280.00
    9199.615     0.999316        13051      1462.86
    9404.415     0.999414        13052      1706.67
    9543.679     0.999512        13053      2048.00
    9551.871     0.999561        13054      2275.56
    9551.871     0.999609        13054      2560.00
    9838.591     0.999658        13055      2925.71
   10010.623     0.999707        13056      3413.33
   10010.623     0.999756        13056      4096.00
   10149.887     0.999780        13057      4551.11
   10149.887     0.999805        13057      5120.00
   10149.887     0.999829        13057      5851.43
   10280.959     0.999854        13058      6826.67
   10280.959     0.999878        13058      8192.00
   10280.959     0.999890        13058      9102.22
   10280.959     0.999902        13058     10240.00
   10280.959     0.999915        13058     11702.86
   10403.839     0.999927        13059     13653.33
   10403.839     1.000000        13059          inf
#[Mean    =     2756.183, StdDeviation   =     1750.636]
#[Max     =    10395.648, Total count    =        13059]
#[Buckets =           27, SubBuckets     =         2048]
-----------------------------------------------------------------------
  17061 requests in 30.04s, 3.11MB read
  Socket errors: connect 0, read 0, write 0, timeout 3
Requests/sec:    568.01  
Transfer/sec:    105.95KB
