Running 30s test @ http://10.111.138.180:8080/wrk2-api/home-timeline/read
  4 threads and 200 connections

  Thread calibration: mean lat.: 3.568ms, rate sampling interval: 10ms
  Thread calibration: mean lat.: 2.554ms, rate sampling interval: 10ms
  Thread calibration: mean lat.: 3.456ms, rate sampling interval: 10ms
  Thread calibration: mean lat.: 2.794ms, rate sampling interval: 10ms

-----------------------------------------------------------------------
Test Results @ http://10.111.138.180:8080/wrk2-api/home-timeline/read 
  Thread Stats   Avg      Stdev     99%   +/- Stdev
    Latency     1.20ms  276.67us   1.79ms   89.87%
    Req/Sec   181.45    138.89   555.00     65.45%
  Latency Distribution (HdrHistogram - Recorded Latency)
 50.000%    1.17ms
 75.000%    1.29ms
 90.000%    1.42ms
 99.000%    1.79ms
 99.900%    5.04ms
 99.990%    7.34ms
 99.999%    7.72ms
100.000%    7.72ms

  Detailed Percentile spectrum:
       Value   Percentile   TotalCount 1/(1-Percentile)

       0.700     0.000000            1         1.00
       0.987     0.100000         1392         1.11
       1.047     0.200000         2772         1.25
       1.093     0.300000         4136         1.43
       1.133     0.400000         5521         1.67
       1.171     0.500000         6916         2.00
       1.191     0.550000         7581         2.22
       1.212     0.600000         8264         2.50
       1.235     0.650000         8957         2.86
       1.262     0.700000         9632         3.33
       1.292     0.750000        10328         4.00
       1.307     0.775000        10676         4.44
       1.327     0.800000        11022         5.00
       1.346     0.825000        11355         5.71
       1.367     0.850000        11708         6.67
       1.390     0.875000        12050         8.00
       1.404     0.887500        12216         8.89
       1.420     0.900000        12383        10.00
       1.440     0.912500        12560        11.43
       1.461     0.925000        12729        13.33
       1.487     0.937500        12897        16.00
       1.504     0.943750        12989        17.78
       1.518     0.950000        13071        20.00
       1.535     0.956250        13157        22.86
       1.557     0.962500        13243        26.67
       1.580     0.968750        13329        32.00
       1.594     0.971875        13370        35.56
       1.613     0.975000        13413        40.00
       1.635     0.978125        13456        45.71
       1.655     0.981250        13499        53.33
       1.689     0.984375        13542        64.00
       1.709     0.985938        13564        71.11
       1.732     0.987500        13585        80.00
       1.767     0.989062        13606        91.43
       1.823     0.990625        13629       106.67
       1.937     0.992188        13649       128.00
       1.996     0.992969        13660       142.22
       2.075     0.993750        13671       160.00
       2.239     0.994531        13681       182.86
       2.391     0.995313        13692       213.33
       2.497     0.996094        13703       256.00
       2.665     0.996484        13708       284.44
       2.825     0.996875        13714       320.00
       3.189     0.997266        13719       365.71
       3.397     0.997656        13724       426.67
       4.115     0.998047        13730       512.00
       4.251     0.998242        13732       568.89
       4.355     0.998437        13735       640.00
       4.495     0.998633        13738       731.43
       4.851     0.998828        13740       853.33
       5.099     0.999023        13743      1024.00
       5.115     0.999121        13744      1137.78
       5.291     0.999219        13746      1280.00
       5.295     0.999316        13747      1462.86
       5.379     0.999414        13748      1706.67
       5.747     0.999512        13750      2048.00
       5.747     0.999561        13750      2275.56
       7.199     0.999609        13751      2560.00
       7.287     0.999658        13752      2925.71
       7.287     0.999707        13752      3413.33
       7.291     0.999756        13753      4096.00
       7.291     0.999780        13753      4551.11
       7.335     0.999805        13754      5120.00
       7.335     0.999829        13754      5851.43
       7.335     0.999854        13754      6826.67
       7.339     0.999878        13755      8192.00
       7.339     0.999890        13755      9102.22
       7.339     0.999902        13755     10240.00
       7.339     0.999915        13755     11702.86
       7.339     0.999927        13755     13653.33
       7.723     0.999939        13756     16384.00
       7.723     1.000000        13756          inf
#[Mean    =        1.204, StdDeviation   =        0.277]
#[Max     =        7.720, Total count    =        13756]
#[Buckets =           27, SubBuckets     =         2048]
-----------------------------------------------------------------------
  20701 requests in 30.01s, 3.45MB read
  Socket errors: connect 0, read 0, write 0, timeout 3
Requests/sec:    689.88  
Transfer/sec:    117.90KB
