Running 30s test @ http://10.111.138.180:8080/wrk2-api/home-timeline/read
  4 threads and 200 connections

  Thread calibration: mean lat.: 2.548ms, rate sampling interval: 10ms
  Thread calibration: mean lat.: 3.112ms, rate sampling interval: 10ms
  Thread calibration: mean lat.: 1.205ms, rate sampling interval: 10ms
  Thread calibration: mean lat.: 2.722ms, rate sampling interval: 10ms

-----------------------------------------------------------------------
Test Results @ http://10.111.138.180:8080/wrk2-api/home-timeline/read 
  Thread Stats   Avg      Stdev     99%   +/- Stdev
    Latency     1.18ms  228.09us   1.83ms   81.70%
    Req/Sec   209.74    149.46   600.00     72.02%
  Latency Distribution (HdrHistogram - Recorded Latency)
 50.000%    1.15ms
 75.000%    1.27ms
 90.000%    1.42ms
 99.000%    1.83ms
 99.900%    3.86ms
 99.990%    5.28ms
 99.999%    5.88ms
100.000%    5.88ms

  Detailed Percentile spectrum:
       Value   Percentile   TotalCount 1/(1-Percentile)

       0.734     0.000000            1         1.00
       0.970     0.100000         1587         1.11
       1.030     0.200000         3197         1.25
       1.074     0.300000         4775         1.43
       1.114     0.400000         6383         1.67
       1.151     0.500000         7938         2.00
       1.173     0.550000         8758         2.22
       1.194     0.600000         9522         2.50
       1.216     0.650000        10318         2.86
       1.242     0.700000        11129         3.33
       1.271     0.750000        11910         4.00
       1.287     0.775000        12295         4.44
       1.305     0.800000        12696         5.00
       1.326     0.825000        13087         5.71
       1.354     0.850000        13485         6.67
       1.384     0.875000        13888         8.00
       1.399     0.887500        14090         8.89
       1.416     0.900000        14279        10.00
       1.432     0.912500        14487        11.43
       1.453     0.925000        14682        13.33
       1.478     0.937500        14874        16.00
       1.490     0.943750        14974        17.78
       1.505     0.950000        15069        20.00
       1.523     0.956250        15168        22.86
       1.547     0.962500        15268        26.67
       1.577     0.968750        15372        32.00
       1.587     0.971875        15415        35.56
       1.604     0.975000        15469        40.00
       1.625     0.978125        15515        45.71
       1.661     0.981250        15564        53.33
       1.692     0.984375        15614        64.00
       1.716     0.985938        15638        71.11
       1.747     0.987500        15665        80.00
       1.793     0.989062        15688        91.43
       1.858     0.990625        15713       106.67
       1.932     0.992188        15738       128.00
       1.961     0.992969        15750       142.22
       2.012     0.993750        15762       160.00
       2.121     0.994531        15775       182.86
       2.191     0.995313        15787       213.33
       2.279     0.996094        15800       256.00
       2.317     0.996484        15806       284.44
       2.395     0.996875        15812       320.00
       2.459     0.997266        15818       365.71
       2.605     0.997656        15824       426.67
       3.053     0.998047        15831       512.00
       3.193     0.998242        15834       568.89
       3.231     0.998437        15837       640.00
       3.491     0.998633        15840       731.43
       3.783     0.998828        15843       853.33
       3.867     0.999023        15846      1024.00
       3.877     0.999121        15848      1137.78
       3.929     0.999219        15849      1280.00
       4.019     0.999316        15851      1462.86
       4.043     0.999414        15852      1706.67
       4.367     0.999512        15854      2048.00
       4.435     0.999561        15855      2275.56
       4.435     0.999609        15855      2560.00
       4.467     0.999658        15856      2925.71
       4.703     0.999707        15857      3413.33
       5.271     0.999756        15858      4096.00
       5.271     0.999780        15858      4551.11
       5.271     0.999805        15858      5120.00
       5.279     0.999829        15859      5851.43
       5.279     0.999854        15859      6826.67
       5.283     0.999878        15860      8192.00
       5.283     0.999890        15860      9102.22
       5.283     0.999902        15860     10240.00
       5.283     0.999915        15860     11702.86
       5.283     0.999927        15860     13653.33
       5.879     0.999939        15861     16384.00
       5.879     1.000000        15861          inf
#[Mean    =        1.183, StdDeviation   =        0.228]
#[Max     =        5.876, Total count    =        15861]
#[Buckets =           27, SubBuckets     =         2048]
-----------------------------------------------------------------------
  23644 requests in 30.00s, 3.95MB read
  Socket errors: connect 0, read 0, write 0, timeout 3
Requests/sec:    788.02  
Transfer/sec:    134.67KB
