Running 30s test @ http://10.111.138.180:8080/wrk2-api/post/compose
  4 threads and 200 connections

  Thread calibration: mean lat.: 5278.776ms, rate sampling interval: 14041ms
  Thread calibration: mean lat.: 5263.903ms, rate sampling interval: 13991ms
  Thread calibration: mean lat.: 5301.097ms, rate sampling interval: 14655ms
  Thread calibration: mean lat.: 5444.909ms, rate sampling interval: 14475ms

-----------------------------------------------------------------------
Test Results @ http://10.111.138.180:8080/wrk2-api/post/compose 
  Thread Stats   Avg      Stdev     99%   +/- Stdev
    Latency     5.81s     1.94s   10.80s    71.83%
    Req/Sec   206.25      2.38   209.00    100.00%
  Latency Distribution (HdrHistogram - Recorded Latency)
 50.000%    5.86s 
 75.000%    7.04s 
 90.000%    8.05s 
 99.000%   10.80s 
 99.900%   12.46s 
 99.990%   14.58s 
 99.999%   14.88s 
100.000%   14.88s 

  Detailed Percentile spectrum:
       Value   Percentile   TotalCount 1/(1-Percentile)

     189.055     0.000000            1         1.00
    3362.815     0.100000         1381         1.11
    4284.415     0.200000         2753         1.25
    4878.335     0.300000         4131         1.43
    5369.855     0.400000         5511         1.67
    5861.375     0.500000         6890         2.00
    6090.751     0.550000         7578         2.22
    6324.223     0.600000         8259         2.50
    6565.887     0.650000         8954         2.86
    6791.167     0.700000         9641         3.33
    7041.023     0.750000        10324         4.00
    7167.999     0.775000        10669         4.44
    7299.071     0.800000        11016         5.00
    7450.623     0.825000        11363         5.71
    7622.655     0.850000        11698         6.67
    7823.359     0.875000        12044         8.00
    7933.951     0.887500        12215         8.89
    8052.735     0.900000        12390        10.00
    8220.671     0.912500        12560        11.43
    8396.799     0.925000        12731        13.33
    8650.751     0.937500        12901        16.00
    8781.823     0.943750        12993        17.78
    8929.279     0.950000        13079        20.00
    9101.311     0.956250        13161        22.86
    9306.111     0.962500        13245        26.67
    9551.871     0.968750        13331        32.00
    9748.479     0.971875        13377        35.56
    9895.935     0.975000        13417        40.00
   10035.199     0.978125        13460        45.71
   10215.423     0.981250        13503        53.33
   10387.455     0.984375        13546        64.00
   10477.567     0.985938        13571        71.11
   10575.871     0.987500        13589        80.00
   10715.135     0.989062        13611        91.43
   10854.399     0.990625        13632       106.67
   11010.047     0.992188        13655       128.00
   11108.351     0.992969        13665       142.22
   11182.079     0.993750        13676       160.00
   11288.575     0.994531        13686       182.86
   11427.839     0.995313        13697       213.33
   11591.679     0.996094        13710       256.00
   11632.639     0.996484        13713       284.44
   11747.327     0.996875        13719       320.00
   11894.783     0.997266        13724       365.71
   11976.703     0.997656        13729       426.67
   12107.775     0.998047        13735       512.00
   12140.543     0.998242        13737       568.89
   12279.807     0.998437        13740       640.00
   12361.727     0.998633        13743       731.43
   12394.495     0.998828        13745       853.33
   12476.415     0.999023        13748      1024.00
   12689.407     0.999121        13749      1137.78
   12820.479     0.999219        13751      1280.00
   12853.247     0.999316        13752      1462.86
   13246.463     0.999414        13753      1706.67
   13516.799     0.999512        13755      2048.00
   13516.799     0.999561        13755      2275.56
   13541.375     0.999609        13756      2560.00
   14049.279     0.999658        13757      2925.71
   14049.279     0.999707        13757      3413.33
   14098.431     0.999756        13758      4096.00
   14098.431     0.999780        13758      4551.11
   14548.991     0.999805        13759      5120.00
   14548.991     0.999829        13759      5851.43
   14548.991     0.999854        13759      6826.67
   14581.759     0.999878        13760      8192.00
   14581.759     0.999890        13760      9102.22
   14581.759     0.999902        13760     10240.00
   14581.759     0.999915        13760     11702.86
   14581.759     0.999927        13760     13653.33
   14876.671     0.999939        13761     16384.00
   14876.671     1.000000        13761          inf
#[Mean    =     5807.380, StdDeviation   =     1938.403]
#[Max     =    14868.480, Total count    =        13761]
#[Buckets =           27, SubBuckets     =         2048]
-----------------------------------------------------------------------
  16619 requests in 30.02s, 3.03MB read
Requests/sec:    553.59  
Transfer/sec:    103.26KB
