Running 30s test @ http://10.111.138.180:8080/wrk2-api/post/compose
  4 threads and 200 connections

  Thread calibration: mean lat.: 5397.811ms, rate sampling interval: 14229ms
  Thread calibration: mean lat.: 5400.742ms, rate sampling interval: 14082ms
  Thread calibration: mean lat.: 5404.188ms, rate sampling interval: 14262ms
  Thread calibration: mean lat.: 5390.739ms, rate sampling interval: 14360ms

-----------------------------------------------------------------------
Test Results @ http://10.111.138.180:8080/wrk2-api/post/compose 
  Thread Stats   Avg      Stdev     99%   +/- Stdev
    Latency     7.15s     1.88s   12.82s    72.77%
    Req/Sec   203.00      0.71   204.00    100.00%
  Latency Distribution (HdrHistogram - Recorded Latency)
 50.000%    7.03s 
 75.000%    8.04s 
 90.000%    9.55s 
 99.000%   12.82s 
 99.900%   14.80s 
 99.990%   15.73s 
 99.999%   16.02s 
100.000%   16.02s 

  Detailed Percentile spectrum:
       Value   Percentile   TotalCount 1/(1-Percentile)

     557.055     0.000000            1         1.00
    4935.679     0.100000         1359         1.11
    5771.263     0.200000         2717         1.25
    6266.879     0.300000         4069         1.43
    6660.095     0.400000         5408         1.67
    7032.831     0.500000         6776         2.00
    7204.863     0.550000         7436         2.22
    7380.991     0.600000         8119         2.50
    7561.215     0.650000         8792         2.86
    7782.399     0.700000         9470         3.33
    8036.351     0.750000        10142         4.00
    8187.903     0.775000        10482         4.44
    8376.319     0.800000        10821         5.00
    8577.023     0.825000        11157         5.71
    8855.551     0.850000        11502         6.67
    9191.423     0.875000        11830         8.00
    9371.647     0.887500        12005         8.89
    9551.871     0.900000        12175        10.00
    9732.095     0.912500        12342        11.43
    9986.047     0.925000        12506        13.33
   10264.575     0.937500        12677        16.00
   10403.839     0.943750        12763        17.78
   10584.063     0.950000        12844        20.00
   10813.439     0.956250        12929        22.86
   11034.623     0.962500        13013        26.67
   11296.767     0.968750        13101        32.00
   11419.647     0.971875        13140        35.56
   11649.023     0.975000        13182        40.00
   11821.055     0.978125        13225        45.71
   12034.047     0.981250        13267        53.33
   12247.039     0.984375        13311        64.00
   12419.071     0.985938        13330        71.11
   12574.719     0.987500        13352        80.00
   12689.407     0.989062        13373        91.43
   12910.591     0.990625        13394       106.67
   13058.047     0.992188        13415       128.00
   13139.967     0.992969        13425       142.22
   13271.039     0.993750        13436       160.00
   13369.343     0.994531        13447       182.86
   13508.607     0.995313        13457       213.33
   13697.023     0.996094        13468       256.00
   13795.327     0.996484        13473       284.44
   13942.783     0.996875        13478       320.00
   14065.663     0.997266        13484       365.71
   14139.391     0.997656        13489       426.67
   14229.503     0.998047        13494       512.00
   14426.111     0.998242        13497       568.89
   14475.263     0.998437        13499       640.00
   14696.447     0.998633        13502       731.43
   14770.175     0.998828        13505       853.33
   14868.479     0.999023        13507      1024.00
   14966.783     0.999121        13509      1137.78
   14991.359     0.999219        13510      1280.00
   14999.551     0.999316        13511      1462.86
   15106.047     0.999414        13513      1706.67
   15155.199     0.999512        13514      2048.00
   15204.351     0.999561        13515      2275.56
   15204.351     0.999609        13515      2560.00
   15482.879     0.999658        13516      2925.71
   15540.223     0.999707        13517      3413.33
   15540.223     0.999756        13517      4096.00
   15638.527     0.999780        13518      4551.11
   15638.527     0.999805        13518      5120.00
   15638.527     0.999829        13518      5851.43
   15728.639     0.999854        13519      6826.67
   15728.639     0.999878        13519      8192.00
   15728.639     0.999890        13519      9102.22
   15728.639     0.999902        13519     10240.00
   15728.639     0.999915        13519     11702.86
   16015.359     0.999927        13520     13653.33
   16015.359     1.000000        13520          inf
#[Mean    =     7148.232, StdDeviation   =     1877.068]
#[Max     =    16007.168, Total count    =        13520]
#[Buckets =           27, SubBuckets     =         2048]
-----------------------------------------------------------------------
  16588 requests in 30.05s, 3.02MB read
Requests/sec:    551.99  
Transfer/sec:    102.96KB
