Running 30s test @ http://10.111.138.180:8080/wrk2-api/home-timeline/read
  4 threads and 200 connections

  Thread calibration: mean lat.: 3.106ms, rate sampling interval: 10ms
  Thread calibration: mean lat.: 2.880ms, rate sampling interval: 10ms
  Thread calibration: mean lat.: 2.869ms, rate sampling interval: 10ms
  Thread calibration: mean lat.: 2.763ms, rate sampling interval: 10ms

-----------------------------------------------------------------------
Test Results @ http://10.111.138.180:8080/wrk2-api/home-timeline/read 
  Thread Stats   Avg      Stdev     99%   +/- Stdev
    Latency     1.16ms  217.39us   1.75ms   80.24%
    Req/Sec   235.79    159.71   666.00     69.52%
  Latency Distribution (HdrHistogram - Recorded Latency)
 50.000%    1.13ms
 75.000%    1.25ms
 90.000%    1.39ms
 99.000%    1.75ms
 99.900%    3.28ms
 99.990%    6.03ms
 99.999%    6.74ms
100.000%    6.74ms

  Detailed Percentile spectrum:
       Value   Percentile   TotalCount 1/(1-Percentile)

       0.720     0.000000            1         1.00
       0.956     0.100000         1806         1.11
       1.011     0.200000         3575         1.25
       1.056     0.300000         5374         1.43
       1.095     0.400000         7147         1.67
       1.133     0.500000         8941         2.00
       1.153     0.550000         9840         2.22
       1.173     0.600000        10740         2.50
       1.196     0.650000        11633         2.86
       1.222     0.700000        12507         3.33
       1.255     0.750000        13396         4.00
       1.272     0.775000        13847         4.44
       1.290     0.800000        14295         5.00
       1.312     0.825000        14731         5.71
       1.336     0.850000        15175         6.67
       1.365     0.875000        15625         8.00
       1.381     0.887500        15853         8.89
       1.395     0.900000        16065        10.00
       1.413     0.912500        16294        11.43
       1.436     0.925000        16514        13.33
       1.463     0.937500        16735        16.00
       1.476     0.943750        16852        17.78
       1.488     0.950000        16961        20.00
       1.506     0.956250        17074        22.86
       1.528     0.962500        17182        26.67
       1.554     0.968750        17297        32.00
       1.567     0.971875        17349        35.56
       1.583     0.975000        17407        40.00
       1.602     0.978125        17460        45.71
       1.628     0.981250        17517        53.33
       1.656     0.984375        17573        64.00
       1.673     0.985938        17599        71.11
       1.696     0.987500        17627        80.00
       1.723     0.989062        17656        91.43
       1.778     0.990625        17683       106.67
       1.842     0.992188        17711       128.00
       1.872     0.992969        17725       142.22
       1.931     0.993750        17739       160.00
       1.997     0.994531        17753       182.86
       2.059     0.995313        17767       213.33
       2.165     0.996094        17781       256.00
       2.209     0.996484        17788       284.44
       2.255     0.996875        17795       320.00
       2.317     0.997266        17802       365.71
       2.387     0.997656        17809       426.67
       2.549     0.998047        17816       512.00
       2.615     0.998242        17819       568.89
       2.713     0.998437        17823       640.00
       2.849     0.998633        17826       731.43
       3.033     0.998828        17830       853.33
       3.297     0.999023        17833      1024.00
       3.321     0.999121        17835      1137.78
       3.349     0.999219        17837      1280.00
       3.413     0.999316        17838      1462.86
       3.649     0.999414        17840      1706.67
       3.955     0.999512        17842      2048.00
       3.993     0.999561        17843      2275.56
       4.187     0.999609        17844      2560.00
       4.187     0.999658        17844      2925.71
       4.539     0.999707        17845      3413.33
       4.695     0.999756        17846      4096.00
       4.731     0.999780        17847      4551.11
       4.731     0.999805        17847      5120.00
       4.731     0.999829        17847      5851.43
       6.027     0.999854        17848      6826.67
       6.027     0.999878        17848      8192.00
       6.679     0.999890        17849      9102.22
       6.679     0.999902        17849     10240.00
       6.679     0.999915        17849     11702.86
       6.679     0.999927        17849     13653.33
       6.679     0.999939        17849     16384.00
       6.739     0.999945        17850     18204.44
       6.739     1.000000        17850          inf
#[Mean    =        1.163, StdDeviation   =        0.217]
#[Max     =        6.736, Total count    =        17850]
#[Buckets =           27, SubBuckets     =         2048]
-----------------------------------------------------------------------
  26814 requests in 30.00s, 4.48MB read
Requests/sec:    893.69  
Transfer/sec:    152.73KB
