Running 30s test @ http://10.111.138.180:8080/wrk2-api/home-timeline/read
  4 threads and 200 connections

  Thread calibration: mean lat.: 6.854ms, rate sampling interval: 10ms
  Thread calibration: mean lat.: 8.726ms, rate sampling interval: 10ms
  Thread calibration: mean lat.: 6.085ms, rate sampling interval: 10ms
  Thread calibration: mean lat.: 6.831ms, rate sampling interval: 10ms

-----------------------------------------------------------------------
Test Results @ http://10.111.138.180:8080/wrk2-api/home-timeline/read 
  Thread Stats   Avg      Stdev     99%   +/- Stdev
    Latency     1.15ms  223.47us   1.85ms   81.44%
    Req/Sec   263.94    168.93   777.00     74.88%
  Latency Distribution (HdrHistogram - Recorded Latency)
 50.000%    1.11ms
 75.000%    1.23ms
 90.000%    1.38ms
 99.000%    1.85ms
 99.900%    3.38ms
 99.990%    4.10ms
 99.999%    6.18ms
100.000%    6.18ms

  Detailed Percentile spectrum:
       Value   Percentile   TotalCount 1/(1-Percentile)

       0.723     0.000000            1         1.00
       0.937     0.100000         2016         1.11
       0.992     0.200000         4007         1.25
       1.036     0.300000         6045         1.43
       1.076     0.400000         8011         1.67
       1.114     0.500000        10020         2.00
       1.134     0.550000        11020         2.22
       1.155     0.600000        12034         2.50
       1.177     0.650000        13014         2.86
       1.200     0.700000        13995         3.33
       1.231     0.750000        15005         4.00
       1.247     0.775000        15503         4.44
       1.266     0.800000        15996         5.00
       1.288     0.825000        16503         5.71
       1.313     0.850000        17010         6.67
       1.342     0.875000        17502         8.00
       1.360     0.887500        17747         8.89
       1.378     0.900000        17993        10.00
       1.400     0.912500        18248        11.43
       1.422     0.925000        18494        13.33
       1.450     0.937500        18746        16.00
       1.467     0.943750        18875        17.78
       1.485     0.950000        18994        20.00
       1.508     0.956250        19122        22.86
       1.533     0.962500        19245        26.67
       1.563     0.968750        19369        32.00
       1.584     0.971875        19432        35.56
       1.607     0.975000        19495        40.00
       1.632     0.978125        19558        45.71
       1.661     0.981250        19619        53.33
       1.706     0.984375        19680        64.00
       1.739     0.985938        19711        71.11
       1.773     0.987500        19743        80.00
       1.819     0.989062        19774        91.43
       1.881     0.990625        19806       106.67
       1.938     0.992188        19836       128.00
       1.980     0.992969        19852       142.22
       2.039     0.993750        19869       160.00
       2.089     0.994531        19884       182.86
       2.151     0.995313        19899       213.33
       2.253     0.996094        19914       256.00
       2.341     0.996484        19922       284.44
       2.407     0.996875        19930       320.00
       2.519     0.997266        19938       365.71
       2.725     0.997656        19946       426.67
       2.823     0.998047        19953       512.00
       2.867     0.998242        19957       568.89
       3.133     0.998437        19961       640.00
       3.291     0.998633        19965       731.43
       3.365     0.998828        19969       853.33
       3.389     0.999023        19973      1024.00
       3.593     0.999121        19975      1137.78
       3.603     0.999219        19977      1280.00
       3.681     0.999316        19979      1462.86
       3.769     0.999414        19981      1706.67
       3.801     0.999512        19983      2048.00
       3.861     0.999561        19984      2275.56
       3.887     0.999609        19985      2560.00
       3.935     0.999658        19986      2925.71
       3.971     0.999707        19987      3413.33
       3.993     0.999756        19988      4096.00
       3.993     0.999780        19988      4551.11
       4.043     0.999805        19989      5120.00
       4.043     0.999829        19989      5851.43
       4.099     0.999854        19990      6826.67
       4.099     0.999878        19990      8192.00
       4.099     0.999890        19990      9102.22
       5.703     0.999902        19991     10240.00
       5.703     0.999915        19991     11702.86
       5.703     0.999927        19991     13653.33
       5.703     0.999939        19991     16384.00
       5.703     0.999945        19991     18204.44
       6.175     0.999951        19992     20480.00
       6.175     1.000000        19992          inf
#[Mean    =        1.147, StdDeviation   =        0.223]
#[Max     =        6.172, Total count    =        19992]
#[Buckets =           27, SubBuckets     =         2048]
-----------------------------------------------------------------------
  29880 requests in 30.00s, 4.99MB read
Requests/sec:    995.84  
Transfer/sec:    170.19KB
