Running 30s test @ http://10.111.138.180:8080/wrk2-api/post/compose
  4 threads and 200 connections

  Thread calibration: mean lat.: 915.305ms, rate sampling interval: 3514ms
  Thread calibration: mean lat.: 852.069ms, rate sampling interval: 3536ms
  Thread calibration: mean lat.: 887.962ms, rate sampling interval: 3510ms
  Thread calibration: mean lat.: 944.806ms, rate sampling interval: 3565ms

-----------------------------------------------------------------------
Test Results @ http://10.111.138.180:8080/wrk2-api/post/compose 
  Thread Stats   Avg      Stdev     99%   +/- Stdev
    Latency     3.77s     3.15s   11.70s    70.17%
    Req/Sec   134.60     57.18   222.00     80.00%
  Latency Distribution (HdrHistogram - Recorded Latency)
 50.000%    2.56s 
 75.000%    6.05s 
 90.000%    8.81s 
 99.000%   11.70s 
 99.900%   13.51s 
 99.990%   14.47s 
 99.999%   14.79s 
100.000%   14.79s 

  Detailed Percentile spectrum:
       Value   Percentile   TotalCount 1/(1-Percentile)

     178.047     0.000000            1         1.00
     631.295     0.100000         1042         1.11
    1035.263     0.200000         2078         1.25
    1441.791     0.300000         3118         1.43
    1934.335     0.400000         4154         1.67
    2555.903     0.500000         5194         2.00
    2973.695     0.550000         5714         2.22
    3485.695     0.600000         6231         2.50
    4202.495     0.650000         6751         2.86
    5119.999     0.700000         7270         3.33
    6049.791     0.750000         7790         4.00
    6475.775     0.775000         8050         4.44
    6926.335     0.800000         8308         5.00
    7393.279     0.825000         8570         5.71
    7864.319     0.850000         8830         6.67
    8314.879     0.875000         9087         8.00
    8552.447     0.887500         9217         8.89
    8814.591     0.900000         9351        10.00
    9060.351     0.912500         9477        11.43
    9338.879     0.925000         9607        13.33
    9617.407     0.937500         9736        16.00
    9789.439     0.943750         9802        17.78
    9945.087     0.950000         9866        20.00
   10092.543     0.956250         9931        22.86
   10313.727     0.962500         9997        26.67
   10526.719     0.968750        10061        32.00
   10657.791     0.971875        10096        35.56
   10797.055     0.975000        10128        40.00
   10928.127     0.978125        10158        45.71
   11141.119     0.981250        10192        53.33
   11296.767     0.984375        10223        64.00
   11395.071     0.985938        10239        71.11
   11534.335     0.987500        10256        80.00
   11649.023     0.989062        10272        91.43
   11739.135     0.990625        10288       106.67
   11927.551     0.992188        10305       128.00
   12009.471     0.992969        10313       142.22
   12124.159     0.993750        10321       160.00
   12165.119     0.994531        10329       182.86
   12279.807     0.995313        10338       213.33
   12410.879     0.996094        10346       256.00
   12517.375     0.996484        10349       284.44
   12623.871     0.996875        10353       320.00
   12673.023     0.997266        10357       365.71
   12787.711     0.997656        10361       426.67
   13090.815     0.998047        10365       512.00
   13099.007     0.998242        10367       568.89
   13148.159     0.998437        10369       640.00
   13254.655     0.998633        10371       731.43
   13369.343     0.998828        10373       853.33
   13508.607     0.999023        10375      1024.00
   13565.951     0.999121        10376      1137.78
   13631.487     0.999219        10377      1280.00
   13672.447     0.999316        10378      1462.86
   13910.015     0.999414        10379      1706.67
   14024.703     0.999512        10380      2048.00
   14032.895     0.999561        10381      2275.56
   14032.895     0.999609        10381      2560.00
   14360.575     0.999658        10382      2925.71
   14360.575     0.999707        10382      3413.33
   14434.303     0.999756        10383      4096.00
   14434.303     0.999780        10383      4551.11
   14434.303     0.999805        10383      5120.00
   14467.071     0.999829        10384      5851.43
   14467.071     0.999854        10384      6826.67
   14467.071     0.999878        10384      8192.00
   14467.071     0.999890        10384      9102.22
   14467.071     0.999902        10384     10240.00
   14794.751     0.999915        10385     11702.86
   14794.751     1.000000        10385          inf
#[Mean    =     3766.218, StdDeviation   =     3147.562]
#[Max     =    14786.560, Total count    =        10385]
#[Buckets =           27, SubBuckets     =         2048]
-----------------------------------------------------------------------
  19142 requests in 30.02s, 3.49MB read
Requests/sec:    637.58  
Transfer/sec:    118.92KB
