Running 30s test @ http://10.111.138.180:8080/wrk2-api/post/compose
  4 threads and 200 connections

  Thread calibration: mean lat.: 13.256ms, rate sampling interval: 22ms
  Thread calibration: mean lat.: 11.539ms, rate sampling interval: 22ms
  Thread calibration: mean lat.: 12.237ms, rate sampling interval: 22ms
  Thread calibration: mean lat.: 8.677ms, rate sampling interval: 21ms

-----------------------------------------------------------------------
Test Results @ http://10.111.138.180:8080/wrk2-api/post/compose 
  Thread Stats   Avg      Stdev     99%   +/- Stdev
    Latency     8.80ms    2.79ms  17.95ms   92.59%
    Req/Sec   126.20     76.49   333.00     63.61%
  Latency Distribution (HdrHistogram - Recorded Latency)
 50.000%    8.22ms
 75.000%    9.29ms
 90.000%   10.91ms
 99.000%   17.95ms
 99.900%   40.74ms
 99.990%   60.74ms
 99.999%   61.47ms
100.000%   61.47ms

  Detailed Percentile spectrum:
       Value   Percentile   TotalCount 1/(1-Percentile)

       5.987     0.000000            1         1.00
       6.999     0.100000          995         1.11
       7.331     0.200000         1980         1.25
       7.627     0.300000         2987         1.43
       7.919     0.400000         3973         1.67
       8.215     0.500000         4954         2.00
       8.383     0.550000         5460         2.22
       8.559     0.600000         5953         2.50
       8.751     0.650000         6435         2.86
       8.967     0.700000         6932         3.33
       9.287     0.750000         7429         4.00
       9.471     0.775000         7675         4.44
       9.671     0.800000         7923         5.00
       9.863     0.825000         8168         5.71
      10.143     0.850000         8413         6.67
      10.463     0.875000         8666         8.00
      10.655     0.887500         8784         8.89
      10.919     0.900000         8910        10.00
      11.223     0.912500         9031        11.43
      11.551     0.925000         9154        13.33
      11.967     0.937500         9281        16.00
      12.167     0.943750         9341        17.78
      12.447     0.950000         9402        20.00
      12.815     0.956250         9464        22.86
      13.151     0.962500         9527        26.67
      13.671     0.968750         9587        32.00
      14.007     0.971875         9618        35.56
      14.335     0.975000         9649        40.00
      14.791     0.978125         9681        45.71
      15.183     0.981250         9711        53.33
      16.079     0.984375         9744        64.00
      16.431     0.985938         9757        71.11
      16.783     0.987500         9773        80.00
      17.199     0.989062         9789        91.43
      18.207     0.990625         9804       106.67
      19.759     0.992188         9819       128.00
      20.479     0.992969         9827       142.22
      21.711     0.993750         9835       160.00
      22.575     0.994531         9842       182.86
      23.679     0.995313         9850       213.33
      25.391     0.996094         9858       256.00
      26.255     0.996484         9862       284.44
      26.927     0.996875         9866       320.00
      28.623     0.997266         9869       365.71
      29.807     0.997656         9873       426.67
      31.295     0.998047         9877       512.00
      32.527     0.998242         9879       568.89
      38.527     0.998437         9881       640.00
      38.911     0.998633         9883       731.43
      40.479     0.998828         9885       853.33
      53.631     0.999023         9887      1024.00
      55.167     0.999121         9888      1137.78
      55.423     0.999219         9889      1280.00
      56.351     0.999316         9890      1462.86
      57.823     0.999414         9891      1706.67
      59.103     0.999512         9892      2048.00
      59.103     0.999561         9892      2275.56
      59.167     0.999609         9893      2560.00
      59.167     0.999658         9893      2925.71
      60.287     0.999707         9894      3413.33
      60.287     0.999756         9894      4096.00
      60.287     0.999780         9894      4551.11
      60.735     0.999805         9895      5120.00
      60.735     0.999829         9895      5851.43
      60.735     0.999854         9895      6826.67
      60.735     0.999878         9895      8192.00
      60.735     0.999890         9895      9102.22
      61.471     0.999902         9896     10240.00
      61.471     1.000000         9896          inf
#[Mean    =        8.804, StdDeviation   =        2.785]
#[Max     =       61.440, Total count    =         9896]
#[Buckets =           27, SubBuckets     =         2048]
-----------------------------------------------------------------------
  14761 requests in 30.05s, 2.69MB read
  Socket errors: connect 0, read 0, write 0, timeout 25
Requests/sec:    491.28  
Transfer/sec:     91.64KB
