Running 30s test @ http://10.111.138.180:8080/wrk2-api/home-timeline/read
  4 threads and 200 connections

  Thread calibration: mean lat.: 2.094ms, rate sampling interval: 10ms
  Thread calibration: mean lat.: 1.880ms, rate sampling interval: 10ms
  Thread calibration: mean lat.: 2.022ms, rate sampling interval: 10ms
  Thread calibration: mean lat.: 2.276ms, rate sampling interval: 10ms

-----------------------------------------------------------------------
Test Results @ http://10.111.138.180:8080/wrk2-api/home-timeline/read 
  Thread Stats   Avg      Stdev     99%   +/- Stdev
    Latency     1.21ms  188.03us   1.66ms   78.38%
    Req/Sec   131.29    119.22   500.00     57.94%
  Latency Distribution (HdrHistogram - Recorded Latency)
 50.000%    1.19ms
 75.000%    1.29ms
 90.000%    1.41ms
 99.000%    1.66ms
 99.900%    3.01ms
 99.990%    4.39ms
 99.999%    5.47ms
100.000%    5.47ms

  Detailed Percentile spectrum:
       Value   Percentile   TotalCount 1/(1-Percentile)

       0.764     0.000000            1         1.00
       1.015     0.100000          998         1.11
       1.074     0.200000         2000         1.25
       1.115     0.300000         2993         1.43
       1.151     0.400000         3991         1.67
       1.187     0.500000         4981         2.00
       1.205     0.550000         5483         2.22
       1.225     0.600000         5988         2.50
       1.244     0.650000         6473         2.86
       1.267     0.700000         6976         3.33
       1.294     0.750000         7466         4.00
       1.308     0.775000         7716         4.44
       1.325     0.800000         7969         5.00
       1.344     0.825000         8230         5.71
       1.362     0.850000         8465         6.67
       1.385     0.875000         8712         8.00
       1.397     0.887500         8840         8.89
       1.412     0.900000         8965        10.00
       1.426     0.912500         9091        11.43
       1.442     0.925000         9215        13.33
       1.459     0.937500         9332        16.00
       1.469     0.943750         9397        17.78
       1.481     0.950000         9461        20.00
       1.493     0.956250         9520        22.86
       1.511     0.962500         9586        26.67
       1.529     0.968750         9644        32.00
       1.540     0.971875         9676        35.56
       1.556     0.975000         9710        40.00
       1.572     0.978125         9737        45.71
       1.589     0.981250         9769        53.33
       1.615     0.984375         9799        64.00
       1.627     0.985938         9816        71.11
       1.637     0.987500         9830        80.00
       1.656     0.989062         9846        91.43
       1.673     0.990625         9862       106.67
       1.741     0.992188         9877       128.00
       1.772     0.992969         9885       142.22
       1.815     0.993750         9892       160.00
       1.856     0.994531         9900       182.86
       1.913     0.995313         9908       213.33
       2.013     0.996094         9916       256.00
       2.093     0.996484         9920       284.44
       2.155     0.996875         9923       320.00
       2.245     0.997266         9927       365.71
       2.315     0.997656         9932       426.67
       2.401     0.998047         9935       512.00
       2.563     0.998242         9937       568.89
       2.645     0.998437         9939       640.00
       2.711     0.998633         9941       731.43
       2.891     0.998828         9943       853.33
       3.107     0.999023         9945      1024.00
       3.145     0.999121         9946      1137.78
       3.223     0.999219         9947      1280.00
       3.311     0.999316         9948      1462.86
       3.707     0.999414         9949      1706.67
       3.735     0.999512         9950      2048.00
       3.735     0.999561         9950      2275.56
       3.905     0.999609         9951      2560.00
       3.905     0.999658         9951      2925.71
       3.909     0.999707         9952      3413.33
       3.909     0.999756         9952      4096.00
       3.909     0.999780         9952      4551.11
       4.395     0.999805         9953      5120.00
       4.395     0.999829         9953      5851.43
       4.395     0.999854         9953      6826.67
       4.395     0.999878         9953      8192.00
       4.395     0.999890         9953      9102.22
       5.467     0.999902         9954     10240.00
       5.467     1.000000         9954          inf
#[Mean    =        1.207, StdDeviation   =        0.188]
#[Max     =        5.464, Total count    =         9954]
#[Buckets =           27, SubBuckets     =         2048]
-----------------------------------------------------------------------
  14939 requests in 30.02s, 2.49MB read
  Socket errors: connect 0, read 0, write 0, timeout 21
Requests/sec:    497.58  
Transfer/sec:     85.04KB
