Running 30s test @ http://10.111.138.180:8080/wrk2-api/home-timeline/read
  4 threads and 200 connections

  Thread calibration: mean lat.: 15.633ms, rate sampling interval: 84ms
  Thread calibration: mean lat.: 16.557ms, rate sampling interval: 84ms
  Thread calibration: mean lat.: 12.714ms, rate sampling interval: 80ms
  Thread calibration: mean lat.: 18.648ms, rate sampling interval: 88ms

-----------------------------------------------------------------------
Test Results @ http://10.111.138.180:8080/wrk2-api/home-timeline/read 
  Thread Stats   Avg      Stdev     99%   +/- Stdev
    Latency    10.54ms   14.22ms  52.86ms   82.25%
    Req/Sec   125.01     38.40   216.00     68.70%
  Latency Distribution (HdrHistogram - Recorded Latency)
 50.000%    3.65ms
 75.000%    7.23ms
 90.000%   37.89ms
 99.000%   52.86ms
 99.900%   75.52ms
 99.990%   95.74ms
 99.999%  110.85ms
100.000%  110.85ms

  Detailed Percentile spectrum:
       Value   Percentile   TotalCount 1/(1-Percentile)

       2.005     0.000000            1         1.00
       2.447     0.100000          997         1.11
       2.591     0.200000         1998         1.25
       2.745     0.300000         2989         1.43
       2.975     0.400000         3987         1.67
       3.653     0.500000         4981         2.00
       4.719     0.550000         5480         2.22
       5.511     0.600000         5978         2.50
       6.103     0.650000         6481         2.86
       6.579     0.700000         6980         3.33
       7.231     0.750000         7473         4.00
       7.699     0.775000         7721         4.44
       8.727     0.800000         7970         5.00
      30.191     0.825000         8219         5.71
      34.655     0.850000         8468         6.67
      36.319     0.875000         8717         8.00
      37.151     0.887500         8847         8.89
      37.887     0.900000         8970        10.00
      38.527     0.912500         9094        11.43
      39.327     0.925000         9218        13.33
      40.351     0.937500         9343        16.00
      40.799     0.943750         9404        17.78
      41.503     0.950000         9464        20.00
      42.143     0.956250         9527        22.86
      42.911     0.962500         9590        26.67
      43.839     0.968750         9652        32.00
      44.671     0.971875         9682        35.56
      45.791     0.975000         9714        40.00
      47.199     0.978125         9745        45.71
      48.575     0.981250         9776        53.33
      50.271     0.984375         9807        64.00
      50.751     0.985938         9823        71.11
      51.583     0.987500         9838        80.00
      52.415     0.989062         9854        91.43
      53.343     0.990625         9869       106.67
      54.559     0.992188         9886       128.00
      54.847     0.992969         9892       142.22
      55.839     0.993750         9900       160.00
      56.543     0.994531         9909       182.86
      57.279     0.995313         9916       213.33
      59.551     0.996094         9924       256.00
      61.247     0.996484         9927       284.44
      62.111     0.996875         9931       320.00
      63.359     0.997266         9935       365.71
      64.479     0.997656         9939       426.67
      65.663     0.998047         9943       512.00
      68.799     0.998242         9945       568.89
      71.167     0.998437         9947       640.00
      72.959     0.998633         9949       731.43
      75.135     0.998828         9951       853.33
      75.711     0.999023         9953      1024.00
      75.967     0.999121         9954      1137.78
      76.159     0.999219         9955      1280.00
      78.655     0.999316         9956      1462.86
      80.767     0.999414         9957      1706.67
      85.567     0.999512         9958      2048.00
      85.567     0.999561         9958      2275.56
      86.143     0.999609         9959      2560.00
      86.143     0.999658         9959      2925.71
      90.111     0.999707         9960      3413.33
      90.111     0.999756         9960      4096.00
      90.111     0.999780         9960      4551.11
      95.743     0.999805         9961      5120.00
      95.743     0.999829         9961      5851.43
      95.743     0.999854         9961      6826.67
      95.743     0.999878         9961      8192.00
      95.743     0.999890         9961      9102.22
     110.847     0.999902         9962     10240.00
     110.847     1.000000         9962          inf
#[Mean    =       10.543, StdDeviation   =       14.216]
#[Max     =      110.784, Total count    =         9962]
#[Buckets =           27, SubBuckets     =         2048]
-----------------------------------------------------------------------
  14831 requests in 30.03s, 77.26MB read
  Socket errors: connect 0, read 0, write 0, timeout 26
Requests/sec:    493.95  
Transfer/sec:      2.57MB
