Running 30s test @ http://10.111.138.180:8080/wrk2-api/post/compose
  4 threads and 200 connections

  Thread calibration: mean lat.: 13.285ms, rate sampling interval: 28ms
  Thread calibration: mean lat.: 13.885ms, rate sampling interval: 29ms
  Thread calibration: mean lat.: 12.947ms, rate sampling interval: 28ms
  Thread calibration: mean lat.: 9.634ms, rate sampling interval: 25ms

-----------------------------------------------------------------------
Test Results @ http://10.111.138.180:8080/wrk2-api/post/compose 
  Thread Stats   Avg      Stdev     99%   +/- Stdev
    Latency   199.08ms  466.99ms   2.10s    87.81%
    Req/Sec   137.35     94.75   413.00     64.74%
  Latency Distribution (HdrHistogram - Recorded Latency)
 50.000%    9.47ms
 75.000%   13.65ms
 90.000%  827.90ms
 99.000%    2.10s 
 99.900%    2.83s 
 99.990%    2.99s 
 99.999%    3.27s 
100.000%    3.27s 

  Detailed Percentile spectrum:
       Value   Percentile   TotalCount 1/(1-Percentile)

       6.087     0.000000            2         1.00
       7.355     0.100000         1089         1.11
       7.831     0.200000         2167         1.25
       8.303     0.300000         3252         1.43
       8.839     0.400000         4343         1.67
       9.471     0.500000         5408         2.00
       9.871     0.550000         5955         2.22
      10.343     0.600000         6488         2.50
      11.015     0.650000         7036         2.86
      11.935     0.700000         7570         3.33
      13.647     0.750000         8109         4.00
      15.503     0.775000         8380         4.44
      25.295     0.800000         8650         5.00
     370.431     0.825000         8920         5.71
     458.751     0.850000         9191         6.67
     638.975     0.875000         9461         8.00
     739.327     0.887500         9597         8.89
     827.903     0.900000         9731        10.00
     931.839     0.912500         9866        11.43
    1054.719     0.925000        10002        13.33
    1178.623     0.937500        10139        16.00
    1254.399     0.943750        10204        17.78
    1337.343     0.950000        10272        20.00
    1428.479     0.956250        10339        22.86
    1522.687     0.962500        10407        26.67
    1615.871     0.968750        10476        32.00
    1670.143     0.971875        10508        35.56
    1732.607     0.975000        10542        40.00
    1799.167     0.978125        10576        45.71
    1879.039     0.981250        10610        53.33
    1944.575     0.984375        10644        64.00
    1992.703     0.985938        10660        71.11
    2034.687     0.987500        10677        80.00
    2087.935     0.989062        10694        91.43
    2146.303     0.990625        10711       106.67
    2230.271     0.992188        10728       128.00
    2254.847     0.992969        10736       142.22
    2314.239     0.993750        10745       160.00
    2361.343     0.994531        10753       182.86
    2412.543     0.995313        10762       213.33
    2486.271     0.996094        10771       256.00
    2490.367     0.996484        10775       284.44
    2519.039     0.996875        10779       320.00
    2582.527     0.997266        10783       365.71
    2662.399     0.997656        10788       426.67
    2684.927     0.998047        10791       512.00
    2703.359     0.998242        10793       568.89
    2783.231     0.998437        10796       640.00
    2801.663     0.998633        10798       731.43
    2820.095     0.998828        10800       853.33
    2846.719     0.999023        10802      1024.00
    2879.487     0.999121        10803      1137.78
    2885.631     0.999219        10804      1280.00
    2891.775     0.999316        10805      1462.86
    2908.159     0.999414        10806      1706.67
    2914.303     0.999512        10807      2048.00
    2949.119     0.999561        10808      2275.56
    2949.119     0.999609        10808      2560.00
    2953.215     0.999658        10809      2925.71
    2953.215     0.999707        10809      3413.33
    2977.791     0.999756        10810      4096.00
    2977.791     0.999780        10810      4551.11
    2977.791     0.999805        10810      5120.00
    2992.127     0.999829        10811      5851.43
    2992.127     0.999854        10811      6826.67
    2992.127     0.999878        10811      8192.00
    2992.127     0.999890        10811      9102.22
    2992.127     0.999902        10811     10240.00
    3270.655     0.999915        10812     11702.86
    3270.655     1.000000        10812          inf
#[Mean    =      199.078, StdDeviation   =      466.985]
#[Max     =     3268.608, Total count    =        10812]
#[Buckets =           27, SubBuckets     =         2048]
-----------------------------------------------------------------------
  16656 requests in 30.05s, 3.03MB read
  Socket errors: connect 0, read 0, write 0, timeout 7
Requests/sec:    554.24  
Transfer/sec:    103.38KB
