Running 30s test @ http://10.111.138.180:8080/wrk2-api/home-timeline/read
  4 threads and 200 connections

  Thread calibration: mean lat.: 1.692ms, rate sampling interval: 10ms
  Thread calibration: mean lat.: 1.895ms, rate sampling interval: 10ms
  Thread calibration: mean lat.: 1.791ms, rate sampling interval: 10ms
  Thread calibration: mean lat.: 1.980ms, rate sampling interval: 10ms

-----------------------------------------------------------------------
Test Results @ http://10.111.138.180:8080/wrk2-api/home-timeline/read 
  Thread Stats   Avg      Stdev     99%   +/- Stdev
    Latency     1.20ms  191.77us   1.71ms   77.17%
    Req/Sec   156.78    130.05   555.00     58.07%
  Latency Distribution (HdrHistogram - Recorded Latency)
 50.000%    1.18ms
 75.000%    1.29ms
 90.000%    1.41ms
 99.000%    1.71ms
 99.900%    2.81ms
 99.990%    3.98ms
 99.999%    4.72ms
100.000%    4.72ms

  Detailed Percentile spectrum:
       Value   Percentile   TotalCount 1/(1-Percentile)

       0.727     0.000000            1         1.00
       0.998     0.100000         1190         1.11
       1.058     0.200000         2391         1.25
       1.105     0.300000         3590         1.43
       1.143     0.400000         4764         1.67
       1.181     0.500000         5970         2.00
       1.199     0.550000         6562         2.22
       1.218     0.600000         7126         2.50
       1.240     0.650000         7736         2.86
       1.263     0.700000         8319         3.33
       1.292     0.750000         8914         4.00
       1.308     0.775000         9209         4.44
       1.325     0.800000         9514         5.00
       1.342     0.825000         9812         5.71
       1.361     0.850000        10105         6.67
       1.384     0.875000        10397         8.00
       1.397     0.887500        10542         8.89
       1.411     0.900000        10690        10.00
       1.428     0.912500        10844        11.43
       1.444     0.925000        10987        13.33
       1.465     0.937500        11140        16.00
       1.478     0.943750        11208        17.78
       1.492     0.950000        11283        20.00
       1.507     0.956250        11356        22.86
       1.525     0.962500        11431        26.67
       1.551     0.968750        11508        32.00
       1.564     0.971875        11545        35.56
       1.582     0.975000        11582        40.00
       1.597     0.978125        11617        45.71
       1.616     0.981250        11653        53.33
       1.646     0.984375        11690        64.00
       1.659     0.985938        11710        71.11
       1.671     0.987500        11727        80.00
       1.690     0.989062        11746        91.43
       1.733     0.990625        11764       106.67
       1.774     0.992188        11784       128.00
       1.811     0.992969        11792       142.22
       1.843     0.993750        11801       160.00
       1.915     0.994531        11811       182.86
       1.978     0.995313        11820       213.33
       2.099     0.996094        11829       256.00
       2.135     0.996484        11834       284.44
       2.185     0.996875        11838       320.00
       2.249     0.997266        11843       365.71
       2.323     0.997656        11848       426.67
       2.421     0.998047        11852       512.00
       2.455     0.998242        11855       568.89
       2.513     0.998437        11857       640.00
       2.695     0.998633        11859       731.43
       2.759     0.998828        11862       853.33
       3.077     0.999023        11864      1024.00
       3.087     0.999121        11865      1137.78
       3.115     0.999219        11866      1280.00
       3.193     0.999316        11867      1462.86
       3.301     0.999414        11869      1706.67
       3.307     0.999512        11870      2048.00
       3.307     0.999561        11870      2275.56
       3.683     0.999609        11871      2560.00
       3.683     0.999658        11871      2925.71
       3.777     0.999707        11872      3413.33
       3.925     0.999756        11873      4096.00
       3.925     0.999780        11873      4551.11
       3.925     0.999805        11873      5120.00
       3.925     0.999829        11873      5851.43
       3.983     0.999854        11874      6826.67
       3.983     0.999878        11874      8192.00
       3.983     0.999890        11874      9102.22
       3.983     0.999902        11874     10240.00
       3.983     0.999915        11874     11702.86
       4.719     0.999927        11875     13653.33
       4.719     1.000000        11875          inf
#[Mean    =        1.200, StdDeviation   =        0.192]
#[Max     =        4.716, Total count    =        11875]
#[Buckets =           27, SubBuckets     =         2048]
-----------------------------------------------------------------------
  17853 requests in 30.01s, 2.98MB read
  Socket errors: connect 0, read 0, write 0, timeout 5
Requests/sec:    594.90  
Transfer/sec:    101.67KB
