Running 30s test @ http://10.111.138.180:8080/wrk2-api/home-timeline/read
  4 threads and 200 connections

  Thread calibration: mean lat.: 65.742ms, rate sampling interval: 339ms
  Thread calibration: mean lat.: 67.772ms, rate sampling interval: 363ms
  Thread calibration: mean lat.: 65.548ms, rate sampling interval: 349ms
  Thread calibration: mean lat.: 63.610ms, rate sampling interval: 346ms

-----------------------------------------------------------------------
Test Results @ http://10.111.138.180:8080/wrk2-api/home-timeline/read 
  Thread Stats   Avg      Stdev     99%   +/- Stdev
    Latency   569.80ms  618.35ms   2.84s    86.50%
    Req/Sec   139.20     22.00   187.00     71.68%
  Latency Distribution (HdrHistogram - Recorded Latency)
 50.000%  386.30ms
 75.000%  788.48ms
 90.000%    1.39s 
 99.000%    2.84s 
 99.900%    3.78s 
 99.990%    4.33s 
 99.999%    4.56s 
100.000%    4.56s 

  Detailed Percentile spectrum:
       Value   Percentile   TotalCount 1/(1-Percentile)

       2.441     0.000000            1         1.00
      40.415     0.100000         1114         1.11
      77.631     0.200000         2228         1.25
     143.487     0.300000         3341         1.43
     261.631     0.400000         4454         1.67
     386.303     0.500000         5568         2.00
     450.303     0.550000         6125         2.22
     514.303     0.600000         6681         2.50
     587.263     0.650000         7241         2.86
     675.839     0.700000         7797         3.33
     788.479     0.750000         8353         4.00
     852.479     0.775000         8629         4.44
     923.135     0.800000         8908         5.00
    1010.687     0.825000         9186         5.71
    1110.015     0.850000         9464         6.67
    1249.279     0.875000         9745         8.00
    1319.935     0.887500         9882         8.89
    1390.591     0.900000        10025        10.00
    1486.847     0.912500        10161        11.43
    1609.727     0.925000        10299        13.33
    1719.295     0.937500        10440        16.00
    1802.239     0.943750        10508        17.78
    1876.991     0.950000        10578        20.00
    1979.391     0.956250        10647        22.86
    2075.647     0.962500        10718        26.67
    2189.311     0.968750        10788        32.00
    2238.463     0.971875        10821        35.56
    2297.855     0.975000        10856        40.00
    2412.543     0.978125        10892        45.71
    2512.895     0.981250        10926        53.33
    2603.007     0.984375        10961        64.00
    2643.967     0.985938        10979        71.11
    2703.359     0.987500        10996        80.00
    2772.991     0.989062        11014        91.43
    2865.151     0.990625        11030       106.67
    2916.351     0.992188        11049       128.00
    2953.215     0.992969        11056       142.22
    3012.607     0.993750        11065       160.00
    3086.335     0.994531        11075       182.86
    3158.015     0.995313        11082       213.33
    3231.743     0.996094        11091       256.00
    3262.463     0.996484        11095       284.44
    3327.999     0.996875        11100       320.00
    3373.055     0.997266        11104       365.71
    3465.215     0.997656        11108       426.67
    3524.607     0.998047        11113       512.00
    3588.095     0.998242        11115       568.89
    3604.479     0.998437        11117       640.00
    3725.311     0.998633        11119       731.43
    3745.791     0.998828        11122       853.33
    3809.279     0.999023        11124      1024.00
    3833.855     0.999121        11125      1137.78
    3928.063     0.999219        11126      1280.00
    3954.687     0.999316        11127      1462.86
    3991.551     0.999414        11128      1706.67
    4048.895     0.999512        11129      2048.00
    4151.295     0.999561        11130      2275.56
    4151.295     0.999609        11130      2560.00
    4171.775     0.999658        11131      2925.71
    4171.775     0.999707        11131      3413.33
    4251.647     0.999756        11132      4096.00
    4251.647     0.999780        11132      4551.11
    4251.647     0.999805        11132      5120.00
    4325.375     0.999829        11133      5851.43
    4325.375     0.999854        11133      6826.67
    4325.375     0.999878        11133      8192.00
    4325.375     0.999890        11133      9102.22
    4325.375     0.999902        11133     10240.00
    4562.943     0.999915        11134     11702.86
    4562.943     1.000000        11134          inf
#[Mean    =      569.798, StdDeviation   =      618.347]
#[Max     =     4558.848, Total count    =        11134]
#[Buckets =           27, SubBuckets     =         2048]
-----------------------------------------------------------------------
  16921 requests in 30.00s, 123.90MB read
  Socket errors: connect 0, read 0, write 0, timeout 5
Requests/sec:    563.94  
Transfer/sec:      4.13MB
