Running 30s test @ http://10.111.138.180:8080/wrk2-api/home-timeline/read
  4 threads and 200 connections

  Thread calibration: mean lat.: 1.905ms, rate sampling interval: 10ms
  Thread calibration: mean lat.: 2.172ms, rate sampling interval: 10ms
  Thread calibration: mean lat.: 2.012ms, rate sampling interval: 10ms
  Thread calibration: mean lat.: 2.254ms, rate sampling interval: 10ms

-----------------------------------------------------------------------
Test Results @ http://10.111.138.180:8080/wrk2-api/home-timeline/read 
  Thread Stats   Avg      Stdev     99%   +/- Stdev
    Latency     1.20ms  624.28us   1.78ms   99.05%
    Req/Sec   181.64    140.30   600.00     65.68%
  Latency Distribution (HdrHistogram - Recorded Latency)
 50.000%    1.15ms
 75.000%    1.26ms
 90.000%    1.39ms
 99.000%    1.78ms
 99.900%    8.24ms
 99.990%   23.57ms
 99.999%   23.82ms
100.000%   23.82ms

  Detailed Percentile spectrum:
       Value   Percentile   TotalCount 1/(1-Percentile)

       0.683     0.000000            1         1.00
       0.976     0.100000         1391         1.11
       1.033     0.200000         2777         1.25
       1.076     0.300000         4146         1.43
       1.115     0.400000         5528         1.67
       1.154     0.500000         6879         2.00
       1.172     0.550000         7583         2.22
       1.193     0.600000         8279         2.50
       1.214     0.650000         8961         2.86
       1.238     0.700000         9639         3.33
       1.264     0.750000        10323         4.00
       1.278     0.775000        10668         4.44
       1.296     0.800000        11002         5.00
       1.316     0.825000        11353         5.71
       1.338     0.850000        11700         6.67
       1.363     0.875000        12033         8.00
       1.378     0.887500        12215         8.89
       1.393     0.900000        12390        10.00
       1.409     0.912500        12549        11.43
       1.429     0.925000        12733        13.33
       1.451     0.937500        12899        16.00
       1.467     0.943750        12981        17.78
       1.483     0.950000        13067        20.00
       1.503     0.956250        13155        22.86
       1.519     0.962500        13237        26.67
       1.539     0.968750        13323        32.00
       1.552     0.971875        13366        35.56
       1.572     0.975000        13411        40.00
       1.592     0.978125        13453        45.71
       1.618     0.981250        13496        53.33
       1.648     0.984375        13538        64.00
       1.669     0.985938        13559        71.11
       1.700     0.987500        13581        80.00
       1.737     0.989062        13602        91.43
       1.847     0.990625        13624       106.67
       1.955     0.992188        13645       128.00
       2.034     0.992969        13656       142.22
       2.139     0.993750        13667       160.00
       2.243     0.994531        13677       182.86
       2.327     0.995313        13688       213.33
       2.581     0.996094        13699       256.00
       2.959     0.996484        13704       284.44
       3.269     0.996875        13710       320.00
       3.423     0.997266        13715       365.71
       3.661     0.997656        13720       426.67
       4.239     0.998047        13726       512.00
       4.379     0.998242        13728       568.89
       5.603     0.998437        13731       640.00
       5.979     0.998633        13734       731.43
       7.259     0.998828        13736       853.33
       8.727     0.999023        13739      1024.00
      11.615     0.999121        13740      1137.78
      15.855     0.999219        13742      1280.00
      18.543     0.999316        13743      1462.86
      19.071     0.999414        13744      1706.67
      19.503     0.999512        13746      2048.00
      19.503     0.999561        13746      2275.56
      20.383     0.999609        13747      2560.00
      21.567     0.999658        13748      2925.71
      21.567     0.999707        13748      3413.33
      21.727     0.999756        13749      4096.00
      21.727     0.999780        13749      4551.11
      21.871     0.999805        13750      5120.00
      21.871     0.999829        13750      5851.43
      21.871     0.999854        13750      6826.67
      23.567     0.999878        13751      8192.00
      23.567     0.999890        13751      9102.22
      23.567     0.999902        13751     10240.00
      23.567     0.999915        13751     11702.86
      23.567     0.999927        13751     13653.33
      23.823     0.999939        13752     16384.00
      23.823     1.000000        13752          inf
#[Mean    =        1.198, StdDeviation   =        0.624]
#[Max     =       23.808, Total count    =        13752]
#[Buckets =           27, SubBuckets     =         2048]
-----------------------------------------------------------------------
  20721 requests in 30.00s, 3.46MB read
  Socket errors: connect 0, read 0, write 0, timeout 2
Requests/sec:    690.60  
Transfer/sec:    118.02KB
