Running 30s test @ http://10.111.138.180:8080/wrk2-api/post/compose
  4 threads and 200 connections

  Thread calibration: mean lat.: 93.596ms, rate sampling interval: 733ms
  Thread calibration: mean lat.: 81.513ms, rate sampling interval: 603ms
  Thread calibration: mean lat.: 74.927ms, rate sampling interval: 519ms
  Thread calibration: mean lat.: 79.403ms, rate sampling interval: 601ms

-----------------------------------------------------------------------
Test Results @ http://10.111.138.180:8080/wrk2-api/post/compose 
  Thread Stats   Avg      Stdev     99%   +/- Stdev
    Latency   651.92ms    1.18s    4.63s    84.23%
    Req/Sec   138.09     40.78   223.00     58.78%
  Latency Distribution (HdrHistogram - Recorded Latency)
 50.000%   12.49ms
 75.000%  833.53ms
 90.000%    2.61s 
 99.000%    4.63s 
 99.900%    5.51s 
 99.990%    6.08s 
 99.999%    6.22s 
100.000%    6.22s 

  Detailed Percentile spectrum:
       Value   Percentile   TotalCount 1/(1-Percentile)

       6.155     0.000000            1         1.00
       7.987     0.100000         1104         1.11
       8.791     0.200000         2211         1.25
       9.679     0.300000         3311         1.43
      10.871     0.400000         4420         1.67
      12.495     0.500000         5518         2.00
      13.767     0.550000         6070         2.22
      15.687     0.600000         6623         2.50
      19.647     0.650000         7174         2.86
     420.095     0.700000         7726         3.33
     833.535     0.750000         8277         4.00
    1078.271     0.775000         8553         4.44
    1361.919     0.800000         8829         5.00
    1636.351     0.825000         9105         5.71
    1941.503     0.850000         9381         6.67
    2263.039     0.875000         9657         8.00
    2437.119     0.887500         9795         8.89
    2607.103     0.900000         9933        10.00
    2779.135     0.912500        10072        11.43
    2998.271     0.925000        10210        13.33
    3176.447     0.937500        10347        16.00
    3315.711     0.943750        10417        17.78
    3430.399     0.950000        10485        20.00
    3600.383     0.956250        10555        22.86
    3747.839     0.962500        10623        26.67
    3876.863     0.968750        10692        32.00
    3971.071     0.971875        10727        35.56
    4065.279     0.975000        10761        40.00
    4157.439     0.978125        10795        45.71
    4251.647     0.981250        10832        53.33
    4362.239     0.984375        10864        64.00
    4427.775     0.985938        10881        71.11
    4489.215     0.987500        10899        80.00
    4583.423     0.989062        10916        91.43
    4657.151     0.990625        10933       106.67
    4743.167     0.992188        10951       128.00
    4788.223     0.992969        10959       142.22
    4841.471     0.993750        10968       160.00
    4931.583     0.994531        10977       182.86
    4988.927     0.995313        10985       213.33
    5050.367     0.996094        10993       256.00
    5083.135     0.996484        10998       284.44
    5115.903     0.996875        11002       320.00
    5189.631     0.997266        11006       365.71
    5287.935     0.997656        11011       426.67
    5345.279     0.998047        11015       512.00
    5382.143     0.998242        11017       568.89
    5394.431     0.998437        11019       640.00
    5419.007     0.998633        11021       731.43
    5492.735     0.998828        11024       853.33
    5529.599     0.999023        11026      1024.00
    5554.175     0.999121        11027      1137.78
    5652.479     0.999219        11028      1280.00
    5709.823     0.999316        11029      1462.86
    5738.495     0.999414        11030      1706.67
    5795.839     0.999512        11031      2048.00
    5890.047     0.999561        11032      2275.56
    5890.047     0.999609        11032      2560.00
    5926.911     0.999658        11033      2925.71
    5926.911     0.999707        11033      3413.33
    6057.983     0.999756        11034      4096.00
    6057.983     0.999780        11034      4551.11
    6057.983     0.999805        11034      5120.00
    6078.463     0.999829        11035      5851.43
    6078.463     0.999854        11035      6826.67
    6078.463     0.999878        11035      8192.00
    6078.463     0.999890        11035      9102.22
    6078.463     0.999902        11035     10240.00
    6221.823     0.999915        11036     11702.86
    6221.823     1.000000        11036          inf
#[Mean    =      651.920, StdDeviation   =     1177.740]
#[Max     =     6217.728, Total count    =        11036]
#[Buckets =           27, SubBuckets     =         2048]
-----------------------------------------------------------------------
  17997 requests in 30.04s, 3.28MB read
  Socket errors: connect 0, read 0, write 0, timeout 2
Requests/sec:    599.06  
Transfer/sec:    111.74KB
