Running 30s test @ http://10.111.138.180:8080/wrk2-api/home-timeline/read
  4 threads and 200 connections

  Thread calibration: mean lat.: 2.256ms, rate sampling interval: 10ms
  Thread calibration: mean lat.: 2.011ms, rate sampling interval: 10ms
  Thread calibration: mean lat.: 1.186ms, rate sampling interval: 10ms
  Thread calibration: mean lat.: 1.764ms, rate sampling interval: 10ms

-----------------------------------------------------------------------
Test Results @ http://10.111.138.180:8080/wrk2-api/home-timeline/read 
  Thread Stats   Avg      Stdev     99%   +/- Stdev
    Latency     1.17ms  397.48us   1.81ms   97.16%
    Req/Sec   209.62    149.29   600.00     71.91%
  Latency Distribution (HdrHistogram - Recorded Latency)
 50.000%    1.13ms
 75.000%    1.25ms
 90.000%    1.38ms
 99.000%    1.81ms
 99.900%    6.78ms
 99.990%   14.22ms
 99.999%   14.84ms
100.000%   14.84ms

  Detailed Percentile spectrum:
       Value   Percentile   TotalCount 1/(1-Percentile)

       0.739     0.000000            1         1.00
       0.953     0.100000         1603         1.11
       1.010     0.200000         3188         1.25
       1.055     0.300000         4788         1.43
       1.095     0.400000         6367         1.67
       1.133     0.500000         7965         2.00
       1.151     0.550000         8743         2.22
       1.171     0.600000         9553         2.50
       1.193     0.650000        10317         2.86
       1.219     0.700000        11131         3.33
       1.247     0.750000        11921         4.00
       1.263     0.775000        12318         4.44
       1.281     0.800000        12705         5.00
       1.301     0.825000        13103         5.71
       1.324     0.850000        13486         6.67
       1.350     0.875000        13890         8.00
       1.364     0.887500        14097         8.89
       1.379     0.900000        14286        10.00
       1.398     0.912500        14484        11.43
       1.420     0.925000        14683        13.33
       1.444     0.937500        14874        16.00
       1.459     0.943750        14977        17.78
       1.477     0.950000        15078        20.00
       1.497     0.956250        15171        22.86
       1.521     0.962500        15278        26.67
       1.547     0.968750        15370        32.00
       1.564     0.971875        15419        35.56
       1.582     0.975000        15469        40.00
       1.608     0.978125        15519        45.71
       1.632     0.981250        15569        53.33
       1.666     0.984375        15618        64.00
       1.696     0.985938        15642        71.11
       1.717     0.987500        15668        80.00
       1.757     0.989062        15692        91.43
       1.835     0.990625        15717       106.67
       1.895     0.992188        15742       128.00
       1.963     0.992969        15754       142.22
       2.055     0.993750        15766       160.00
       2.173     0.994531        15779       182.86
       2.311     0.995313        15791       213.33
       2.407     0.996094        15804       256.00
       2.443     0.996484        15810       284.44
       2.651     0.996875        15816       320.00
       2.965     0.997266        15822       365.71
       3.109     0.997656        15828       426.67
       3.345     0.998047        15835       512.00
       3.413     0.998242        15838       568.89
       3.575     0.998437        15841       640.00
       4.571     0.998633        15844       731.43
       6.263     0.998828        15847       853.33
       7.019     0.999023        15850      1024.00
       8.155     0.999121        15852      1137.78
       8.159     0.999219        15853      1280.00
       9.671     0.999316        15855      1462.86
       9.823     0.999414        15856      1706.67
      11.463     0.999512        15858      2048.00
      12.343     0.999561        15859      2275.56
      12.343     0.999609        15859      2560.00
      13.431     0.999658        15860      2925.71
      14.071     0.999707        15861      3413.33
      14.111     0.999756        15862      4096.00
      14.111     0.999780        15862      4551.11
      14.111     0.999805        15862      5120.00
      14.223     0.999829        15863      5851.43
      14.223     0.999854        15863      6826.67
      14.455     0.999878        15864      8192.00
      14.455     0.999890        15864      9102.22
      14.455     0.999902        15864     10240.00
      14.455     0.999915        15864     11702.86
      14.455     0.999927        15864     13653.33
      14.839     0.999939        15865     16384.00
      14.839     1.000000        15865          inf
#[Mean    =        1.170, StdDeviation   =        0.397]
#[Max     =       14.832, Total count    =        15865]
#[Buckets =           27, SubBuckets     =         2048]
-----------------------------------------------------------------------
  23649 requests in 30.01s, 3.95MB read
  Socket errors: connect 0, read 0, write 0, timeout 3
Requests/sec:    788.15  
Transfer/sec:    134.69KB
