Running 30s test @ http://10.111.138.180:8080/wrk2-api/post/compose
  4 threads and 200 connections

  Thread calibration: mean lat.: 30.852ms, rate sampling interval: 107ms
  Thread calibration: mean lat.: 32.691ms, rate sampling interval: 139ms
  Thread calibration: mean lat.: 28.895ms, rate sampling interval: 90ms
  Thread calibration: mean lat.: 14.828ms, rate sampling interval: 48ms

-----------------------------------------------------------------------
Test Results @ http://10.111.138.180:8080/wrk2-api/post/compose 
  Thread Stats   Avg      Stdev     99%   +/- Stdev
    Latency     1.19s     1.85s    6.59s    82.01%
    Req/Sec   137.37     78.73   312.00     65.91%
  Latency Distribution (HdrHistogram - Recorded Latency)
 50.000%   19.39ms
 75.000%    2.00s 
 90.000%    4.40s 
 99.000%    6.59s 
 99.900%    7.57s 
 99.990%    8.20s 
 99.999%    8.76s 
100.000%    8.76s 

  Detailed Percentile spectrum:
       Value   Percentile   TotalCount 1/(1-Percentile)

       6.267     0.000000            1         1.00
       9.079     0.100000         1095         1.11
      10.639     0.200000         2190         1.25
      12.543     0.300000         3287         1.43
      15.343     0.400000         4374         1.67
      19.391     0.500000         5463         2.00
      23.839     0.550000         6010         2.22
      56.639     0.600000         6556         2.50
     795.647     0.650000         7102         2.86
    1385.471     0.700000         7649         3.33
    1999.871     0.750000         8195         4.00
    2357.247     0.775000         8473         4.44
    2723.839     0.800000         8742         5.00
    3133.439     0.825000         9014         5.71
    3555.327     0.850000         9288         6.67
    3979.263     0.875000         9561         8.00
    4210.687     0.887500         9699         8.89
    4395.007     0.900000         9835        10.00
    4624.383     0.912500         9971        11.43
    4841.471     0.925000        10110        13.33
    5095.423     0.937500        10246        16.00
    5201.919     0.943750        10312        17.78
    5361.663     0.950000        10381        20.00
    5476.351     0.956250        10448        22.86
    5627.903     0.962500        10518        26.67
    5808.127     0.968750        10585        32.00
    5902.335     0.971875        10621        35.56
    5984.255     0.975000        10655        40.00
    6094.847     0.978125        10687        45.71
    6201.343     0.981250        10722        53.33
    6332.415     0.984375        10756        64.00
    6373.375     0.985938        10773        71.11
    6430.719     0.987500        10791        80.00
    6541.311     0.989062        10808        91.43
    6631.423     0.990625        10824       106.67
    6750.207     0.992188        10843       128.00
    6807.551     0.992969        10851       142.22
    6856.703     0.993750        10858       160.00
    6950.911     0.994531        10868       182.86
    7016.447     0.995313        10875       213.33
    7106.559     0.996094        10884       256.00
    7151.615     0.996484        10888       284.44
    7184.383     0.996875        10893       320.00
    7221.247     0.997266        10897       365.71
    7266.303     0.997656        10902       426.67
    7327.743     0.998047        10905       512.00
    7413.759     0.998242        10907       568.89
    7442.431     0.998437        10909       640.00
    7491.583     0.998633        10912       731.43
    7569.407     0.998828        10915       853.33
    7639.039     0.999023        10916      1024.00
    7651.327     0.999121        10918      1137.78
    7651.327     0.999219        10918      1280.00
    7716.863     0.999316        10919      1462.86
    7720.959     0.999414        10921      1706.67
    7720.959     0.999512        10921      2048.00
    7913.471     0.999561        10922      2275.56
    7913.471     0.999609        10922      2560.00
    7999.487     0.999658        10923      2925.71
    7999.487     0.999707        10923      3413.33
    8044.543     0.999756        10924      4096.00
    8044.543     0.999780        10924      4551.11
    8044.543     0.999805        10924      5120.00
    8200.191     0.999829        10925      5851.43
    8200.191     0.999854        10925      6826.67
    8200.191     0.999878        10925      8192.00
    8200.191     0.999890        10925      9102.22
    8200.191     0.999902        10925     10240.00
    8757.247     0.999915        10926     11702.86
    8757.247     1.000000        10926          inf
#[Mean    =     1194.235, StdDeviation   =     1852.766]
#[Max     =     8749.056, Total count    =        10926]
#[Buckets =           27, SubBuckets     =         2048]
-----------------------------------------------------------------------
  18710 requests in 30.02s, 3.41MB read
  Socket errors: connect 0, read 0, write 0, timeout 2
Requests/sec:    623.24  
Transfer/sec:    116.25KB
