Running 30s test @ http://10.111.138.180:8080/wrk2-api/post/compose
  4 threads and 200 connections

  Thread calibration: mean lat.: 475.771ms, rate sampling interval: 1961ms
  Thread calibration: mean lat.: 477.180ms, rate sampling interval: 1958ms
  Thread calibration: mean lat.: 434.089ms, rate sampling interval: 1781ms
  Thread calibration: mean lat.: 430.595ms, rate sampling interval: 1724ms

-----------------------------------------------------------------------
Test Results @ http://10.111.138.180:8080/wrk2-api/post/compose 
  Thread Stats   Avg      Stdev     99%   +/- Stdev
    Latency     2.16s     2.67s    8.96s    79.42%
    Req/Sec   131.14     62.01   255.00     71.43%
  Latency Distribution (HdrHistogram - Recorded Latency)
 50.000%  384.77ms
 75.000%    4.08s 
 90.000%    6.64s 
 99.000%    8.96s 
 99.900%   10.15s 
 99.990%   10.72s 
 99.999%   10.79s 
100.000%   10.79s 

  Detailed Percentile spectrum:
       Value   Percentile   TotalCount 1/(1-Percentile)

      62.783     0.000000            1         1.00
     102.463     0.100000         1047         1.11
     121.087     0.200000         2090         1.25
     154.623     0.300000         3133         1.43
     223.103     0.400000         4176         1.67
     384.767     0.500000         5219         2.00
     752.639     0.550000         5740         2.22
    1583.103     0.600000         6263         2.50
    2353.151     0.650000         6784         2.86
    3155.967     0.700000         7306         3.33
    4079.615     0.750000         7827         4.00
    4509.695     0.775000         8089         4.44
    4923.391     0.800000         8350         5.00
    5361.663     0.825000         8614         5.71
    5771.263     0.850000         8871         6.67
    6193.151     0.875000         9133         8.00
    6418.431     0.887500         9262         8.89
    6643.711     0.900000         9393        10.00
    6868.991     0.912500         9524        11.43
    7090.175     0.925000         9655        13.33
    7344.127     0.937500         9784        16.00
    7458.815     0.943750         9849        17.78
    7610.367     0.950000         9915        20.00
    7774.207     0.956250         9982        22.86
    7925.759     0.962500        10045        26.67
    8093.695     0.968750        10111        32.00
    8171.519     0.971875        10143        35.56
    8294.399     0.975000        10176        40.00
    8404.991     0.978125        10208        45.71
    8527.871     0.981250        10241        53.33
    8650.751     0.984375        10274        64.00
    8724.479     0.985938        10292        71.11
    8806.399     0.987500        10307        80.00
    8904.703     0.989062        10322        91.43
    9019.391     0.990625        10341       106.67
    9101.311     0.992188        10356       128.00
    9134.079     0.992969        10364       142.22
    9175.039     0.993750        10372       160.00
    9256.959     0.994531        10379       182.86
    9363.455     0.995313        10388       213.33
    9461.759     0.996094        10396       256.00
    9502.719     0.996484        10401       284.44
    9535.487     0.996875        10404       320.00
    9641.983     0.997266        10408       365.71
    9707.519     0.997656        10412       426.67
    9789.439     0.998047        10416       512.00
    9871.359     0.998242        10419       568.89
    9887.743     0.998437        10420       640.00
    9945.087     0.998633        10422       731.43
   10051.583     0.998828        10424       853.33
   10149.887     0.999023        10426      1024.00
   10239.999     0.999121        10427      1137.78
   10272.767     0.999219        10428      1280.00
   10289.151     0.999316        10430      1462.86
   10289.151     0.999414        10430      1706.67
   10297.343     0.999512        10431      2048.00
   10338.303     0.999561        10432      2275.56
   10338.303     0.999609        10432      2560.00
   10633.215     0.999658        10433      2925.71
   10633.215     0.999707        10433      3413.33
   10698.751     0.999756        10434      4096.00
   10698.751     0.999780        10434      4551.11
   10698.751     0.999805        10434      5120.00
   10723.327     0.999829        10435      5851.43
   10723.327     0.999854        10435      6826.67
   10723.327     0.999878        10435      8192.00
   10723.327     0.999890        10435      9102.22
   10723.327     0.999902        10435     10240.00
   10788.863     0.999915        10436     11702.86
   10788.863     1.000000        10436          inf
#[Mean    =     2161.613, StdDeviation   =     2672.300]
#[Max     =    10780.672, Total count    =        10436]
#[Buckets =           27, SubBuckets     =         2048]
-----------------------------------------------------------------------
  19197 requests in 30.06s, 3.50MB read
Requests/sec:    638.72  
Transfer/sec:    119.14KB
