Running 30s test @ http://10.111.138.180:8080/wrk2-api/home-timeline/read
  4 threads and 200 connections

  Thread calibration: mean lat.: 2.217ms, rate sampling interval: 10ms
  Thread calibration: mean lat.: 1.180ms, rate sampling interval: 10ms
  Thread calibration: mean lat.: 2.201ms, rate sampling interval: 10ms
  Thread calibration: mean lat.: 1.847ms, rate sampling interval: 10ms

-----------------------------------------------------------------------
Test Results @ http://10.111.138.180:8080/wrk2-api/home-timeline/read 
  Thread Stats   Avg      Stdev     99%   +/- Stdev
    Latency     1.15ms  228.71us   1.78ms   83.33%
    Req/Sec   235.68    160.40   666.00     69.46%
  Latency Distribution (HdrHistogram - Recorded Latency)
 50.000%    1.12ms
 75.000%    1.24ms
 90.000%    1.38ms
 99.000%    1.78ms
 99.900%    3.31ms
 99.990%    5.96ms
 99.999%    8.53ms
100.000%    8.53ms

  Detailed Percentile spectrum:
       Value   Percentile   TotalCount 1/(1-Percentile)

       0.740     0.000000            1         1.00
       0.943     0.100000         1787         1.11
       0.999     0.200000         3591         1.25
       1.043     0.300000         5379         1.43
       1.085     0.400000         7174         1.67
       1.125     0.500000         8965         2.00
       1.144     0.550000         9841         2.22
       1.164     0.600000        10712         2.50
       1.187     0.650000        11606         2.86
       1.211     0.700000        12512         3.33
       1.239     0.750000        13408         4.00
       1.256     0.775000        13855         4.44
       1.274     0.800000        14281         5.00
       1.296     0.825000        14740         5.71
       1.318     0.850000        15180         6.67
       1.345     0.875000        15628         8.00
       1.361     0.887500        15847         8.89
       1.379     0.900000        16073        10.00
       1.397     0.912500        16296        11.43
       1.417     0.925000        16519        13.33
       1.441     0.937500        16736        16.00
       1.457     0.943750        16854        17.78
       1.472     0.950000        16960        20.00
       1.488     0.956250        17072        22.86
       1.511     0.962500        17182        26.67
       1.534     0.968750        17295        32.00
       1.552     0.971875        17349        35.56
       1.569     0.975000        17406        40.00
       1.586     0.978125        17462        45.71
       1.617     0.981250        17518        53.33
       1.655     0.984375        17573        64.00
       1.678     0.985938        17605        71.11
       1.701     0.987500        17629        80.00
       1.743     0.989062        17656        91.43
       1.816     0.990625        17684       106.67
       1.873     0.992188        17713       128.00
       1.926     0.992969        17727       142.22
       1.977     0.993750        17740       160.00
       2.038     0.994531        17754       182.86
       2.097     0.995313        17768       213.33
       2.193     0.996094        17782       256.00
       2.229     0.996484        17789       284.44
       2.323     0.996875        17797       320.00
       2.455     0.997266        17803       365.71
       2.569     0.997656        17810       426.67
       2.853     0.998047        17817       512.00
       2.935     0.998242        17820       568.89
       3.005     0.998437        17824       640.00
       3.161     0.998633        17827       731.43
       3.275     0.998828        17831       853.33
       3.319     0.999023        17834      1024.00
       3.401     0.999121        17836      1137.78
       3.533     0.999219        17838      1280.00
       3.835     0.999316        17839      1462.86
       3.917     0.999414        17841      1706.67
       4.073     0.999512        17843      2048.00
       4.103     0.999561        17844      2275.56
       4.111     0.999609        17845      2560.00
       4.111     0.999658        17845      2925.71
       4.155     0.999707        17846      3413.33
       5.651     0.999756        17847      4096.00
       5.887     0.999780        17848      4551.11
       5.887     0.999805        17848      5120.00
       5.887     0.999829        17848      5851.43
       5.959     0.999854        17849      6826.67
       5.959     0.999878        17849      8192.00
       7.927     0.999890        17850      9102.22
       7.927     0.999902        17850     10240.00
       7.927     0.999915        17850     11702.86
       7.927     0.999927        17850     13653.33
       7.927     0.999939        17850     16384.00
       8.527     0.999945        17851     18204.44
       8.527     1.000000        17851          inf
#[Mean    =        1.152, StdDeviation   =        0.229]
#[Max     =        8.520, Total count    =        17851]
#[Buckets =           27, SubBuckets     =         2048]
-----------------------------------------------------------------------
  26609 requests in 30.01s, 4.44MB read
Requests/sec:    886.60  
Transfer/sec:    151.52KB
