Running 30s test @ http://10.111.138.180:8080/wrk2-api/home-timeline/read
  4 threads and 200 connections

  Thread calibration: mean lat.: 2.274ms, rate sampling interval: 10ms
  Thread calibration: mean lat.: 1.178ms, rate sampling interval: 10ms
  Thread calibration: mean lat.: 2.304ms, rate sampling interval: 10ms
  Thread calibration: mean lat.: 2.444ms, rate sampling interval: 10ms

-----------------------------------------------------------------------
Test Results @ http://10.111.138.180:8080/wrk2-api/home-timeline/read 
  Thread Stats   Avg      Stdev     99%   +/- Stdev
    Latency     1.15ms  217.02us   1.82ms   80.48%
    Req/Sec   264.08    168.50   700.00     74.46%
  Latency Distribution (HdrHistogram - Recorded Latency)
 50.000%    1.12ms
 75.000%    1.24ms
 90.000%    1.38ms
 99.000%    1.82ms
 99.900%    3.10ms
 99.990%    4.54ms
 99.999%    5.04ms
100.000%    5.04ms

  Detailed Percentile spectrum:
       Value   Percentile   TotalCount 1/(1-Percentile)

       0.729     0.000000            1         1.00
       0.941     0.100000         2033         1.11
       0.995     0.200000         4003         1.25
       1.039     0.300000         6045         1.43
       1.079     0.400000         8024         1.67
       1.117     0.500000        10037         2.00
       1.136     0.550000        11031         2.22
       1.156     0.600000        11999         2.50
       1.180     0.650000        13023         2.86
       1.204     0.700000        14005         3.33
       1.235     0.750000        15034         4.00
       1.252     0.775000        15517         4.44
       1.273     0.800000        16019         5.00
       1.294     0.825000        16501         5.71
       1.319     0.850000        17009         6.67
       1.348     0.875000        17514         8.00
       1.363     0.887500        17750         8.89
       1.382     0.900000        18007        10.00
       1.402     0.912500        18248        11.43
       1.425     0.925000        18497        13.33
       1.449     0.937500        18748        16.00
       1.464     0.943750        18879        17.78
       1.482     0.950000        19004        20.00
       1.498     0.956250        19124        22.86
       1.520     0.962500        19248        26.67
       1.550     0.968750        19373        32.00
       1.575     0.971875        19434        35.56
       1.592     0.975000        19498        40.00
       1.611     0.978125        19559        45.71
       1.646     0.981250        19622        53.33
       1.688     0.984375        19684        64.00
       1.707     0.985938        19715        71.11
       1.737     0.987500        19747        80.00
       1.797     0.989062        19778        91.43
       1.850     0.990625        19809       106.67
       1.915     0.992188        19840       128.00
       1.969     0.992969        19856       142.22
       2.029     0.993750        19872       160.00
       2.073     0.994531        19887       182.86
       2.175     0.995313        19903       213.33
       2.267     0.996094        19918       256.00
       2.353     0.996484        19926       284.44
       2.389     0.996875        19934       320.00
       2.445     0.997266        19942       365.71
       2.521     0.997656        19950       426.67
       2.685     0.998047        19957       512.00
       2.781     0.998242        19961       568.89
       2.905     0.998437        19965       640.00
       2.999     0.998633        19969       731.43
       3.041     0.998828        19973       853.33
       3.145     0.999023        19977      1024.00
       3.193     0.999121        19979      1137.78
       3.241     0.999219        19981      1280.00
       3.467     0.999316        19983      1462.86
       3.743     0.999414        19985      1706.67
       3.773     0.999512        19987      2048.00
       3.779     0.999561        19988      2275.56
       4.071     0.999609        19989      2560.00
       4.271     0.999658        19990      2925.71
       4.439     0.999707        19991      3413.33
       4.459     0.999756        19992      4096.00
       4.459     0.999780        19992      4551.11
       4.463     0.999805        19993      5120.00
       4.463     0.999829        19993      5851.43
       4.543     0.999854        19994      6826.67
       4.543     0.999878        19994      8192.00
       4.543     0.999890        19994      9102.22
       4.663     0.999902        19995     10240.00
       4.663     0.999915        19995     11702.86
       4.663     0.999927        19995     13653.33
       4.663     0.999939        19995     16384.00
       4.663     0.999945        19995     18204.44
       5.039     0.999951        19996     20480.00
       5.039     1.000000        19996          inf
#[Mean    =        1.149, StdDeviation   =        0.217]
#[Max     =        5.036, Total count    =        19996]
#[Buckets =           27, SubBuckets     =         2048]
-----------------------------------------------------------------------
  29673 requests in 30.01s, 4.95MB read
Requests/sec:    988.83  
Transfer/sec:    168.99KB
