Running 30s test @ http://10.111.138.180:8080/wrk2-api/post/compose
  4 threads and 200 connections

  Thread calibration: mean lat.: 2388.164ms, rate sampling interval: 6848ms
  Thread calibration: mean lat.: 2641.376ms, rate sampling interval: 7446ms
  Thread calibration: mean lat.: 2433.215ms, rate sampling interval: 7049ms
  Thread calibration: mean lat.: 2545.678ms, rate sampling interval: 7254ms

-----------------------------------------------------------------------
Test Results @ http://10.111.138.180:8080/wrk2-api/post/compose 
  Thread Stats   Avg      Stdev     99%   +/- Stdev
    Latency     4.72s     2.91s   12.89s    71.24%
    Req/Sec   162.50     64.90   228.00     75.00%
  Latency Distribution (HdrHistogram - Recorded Latency)
 50.000%    3.94s 
 75.000%    6.17s 
 90.000%    9.33s 
 99.000%   12.89s 
 99.900%   14.90s 
 99.990%   15.45s 
 99.999%   15.80s 
100.000%   15.80s 

  Detailed Percentile spectrum:
       Value   Percentile   TotalCount 1/(1-Percentile)

     205.055     0.000000            2         1.00
    1679.359     0.100000         1130         1.11
    2363.391     0.200000         2258         1.25
    2936.831     0.300000         3390         1.43
    3444.735     0.400000         4517         1.67
    3940.351     0.500000         5643         2.00
    4227.071     0.550000         6209         2.22
    4567.039     0.600000         6772         2.50
    4980.735     0.650000         7339         2.86
    5468.159     0.700000         7900         3.33
    6168.575     0.750000         8464         4.00
    6565.887     0.775000         8747         4.44
    7065.599     0.800000         9031         5.00
    7577.599     0.825000         9314         5.71
    8138.751     0.850000         9593         6.67
    8699.903     0.875000         9877         8.00
    9011.199     0.887500        10017         8.89
    9330.687     0.900000        10161        10.00
    9633.791     0.912500        10301        11.43
    9961.471     0.925000        10439        13.33
   10313.727     0.937500        10583        16.00
   10493.951     0.943750        10654        17.78
   10665.983     0.950000        10721        20.00
   10887.167     0.956250        10792        22.86
   11124.735     0.962500        10865        26.67
   11395.071     0.968750        10933        32.00
   11526.143     0.971875        10970        35.56
   11698.175     0.975000        11004        40.00
   11870.207     0.978125        11041        45.71
   12075.007     0.981250        11074        53.33
   12345.343     0.984375        11110        64.00
   12427.263     0.985938        11127        71.11
   12591.103     0.987500        11145        80.00
   12787.711     0.989062        11162        91.43
   12951.551     0.990625        11180       106.67
   13221.887     0.992188        11197       128.00
   13320.191     0.992969        11206       142.22
   13467.647     0.993750        11215       160.00
   13598.719     0.994531        11224       182.86
   13737.983     0.995313        11233       213.33
   13983.743     0.996094        11241       256.00
   14090.239     0.996484        11246       284.44
   14155.775     0.996875        11250       320.00
   14237.695     0.997266        11255       365.71
   14450.687     0.997656        11259       426.67
   14565.375     0.998047        11263       512.00
   14598.143     0.998242        11267       568.89
   14622.719     0.998437        11268       640.00
   14680.063     0.998633        11270       731.43
   14696.447     0.998828        11272       853.33
   14901.247     0.999023        11274      1024.00
   14966.783     0.999121        11277      1137.78
   14966.783     0.999219        11277      1280.00
   15032.319     0.999316        11278      1462.86
   15040.511     0.999414        11279      1706.67
   15212.543     0.999512        11280      2048.00
   15294.463     0.999561        11281      2275.56
   15294.463     0.999609        11281      2560.00
   15335.423     0.999658        11282      2925.71
   15335.423     0.999707        11282      3413.33
   15343.615     0.999756        11283      4096.00
   15343.615     0.999780        11283      4551.11
   15343.615     0.999805        11283      5120.00
   15450.111     0.999829        11284      5851.43
   15450.111     0.999854        11284      6826.67
   15450.111     0.999878        11284      8192.00
   15450.111     0.999890        11284      9102.22
   15450.111     0.999902        11284     10240.00
   15802.367     0.999915        11285     11702.86
   15802.367     1.000000        11285          inf
#[Mean    =     4721.028, StdDeviation   =     2905.100]
#[Max     =    15794.176, Total count    =        11285]
#[Buckets =           27, SubBuckets     =         2048]
-----------------------------------------------------------------------
  18394 requests in 30.04s, 3.35MB read
Requests/sec:    612.31  
Transfer/sec:    114.21KB
