Running 30s test @ http://10.111.138.180:8080/wrk2-api/home-timeline/read
  4 threads and 200 connections

  Thread calibration: mean lat.: 1.428ms, rate sampling interval: 10ms
  Thread calibration: mean lat.: 1.429ms, rate sampling interval: 10ms
  Thread calibration: mean lat.: 1.495ms, rate sampling interval: 10ms
  Thread calibration: mean lat.: 1.426ms, rate sampling interval: 10ms

-----------------------------------------------------------------------
Test Results @ http://10.111.138.180:8080/wrk2-api/home-timeline/read 
  Thread Stats   Avg      Stdev     99%   +/- Stdev
    Latency     1.21ms  198.04us   1.69ms   79.81%
    Req/Sec   131.59    119.41   444.00     57.41%
  Latency Distribution (HdrHistogram - Recorded Latency)
 50.000%    1.19ms
 75.000%    1.29ms
 90.000%    1.41ms
 99.000%    1.69ms
 99.900%    3.18ms
 99.990%    4.85ms
 99.999%    4.86ms
100.000%    4.86ms

  Detailed Percentile spectrum:
       Value   Percentile   TotalCount 1/(1-Percentile)

       0.766     0.000000            1         1.00
       1.009     0.100000         1008         1.11
       1.071     0.200000         2003         1.25
       1.114     0.300000         2988         1.43
       1.152     0.400000         4005         1.67
       1.188     0.500000         5007         2.00
       1.206     0.550000         5480         2.22
       1.226     0.600000         5986         2.50
       1.248     0.650000         6494         2.86
       1.270     0.700000         6975         3.33
       1.295     0.750000         7471         4.00
       1.309     0.775000         7727         4.44
       1.324     0.800000         7964         5.00
       1.343     0.825000         8217         5.71
       1.362     0.850000         8467         6.67
       1.385     0.875000         8715         8.00
       1.397     0.887500         8843         8.89
       1.409     0.900000         8967        10.00
       1.423     0.912500         9089        11.43
       1.438     0.925000         9212        13.33
       1.457     0.937500         9334        16.00
       1.468     0.943750         9397        17.78
       1.478     0.950000         9461        20.00
       1.490     0.956250         9526        22.86
       1.510     0.962500         9585        26.67
       1.531     0.968750         9646        32.00
       1.541     0.971875         9677        35.56
       1.554     0.975000         9708        40.00
       1.566     0.978125         9738        45.71
       1.590     0.981250         9770        53.33
       1.616     0.984375         9800        64.00
       1.631     0.985938         9816        71.11
       1.645     0.987500         9831        80.00
       1.669     0.989062         9849        91.43
       1.701     0.990625         9862       106.67
       1.752     0.992188         9878       128.00
       1.797     0.992969         9886       142.22
       1.831     0.993750         9893       160.00
       1.902     0.994531         9902       182.86
       2.008     0.995313         9909       213.33
       2.131     0.996094         9917       256.00
       2.237     0.996484         9921       284.44
       2.269     0.996875         9925       320.00
       2.329     0.997266         9928       365.71
       2.471     0.997656         9932       426.67
       2.531     0.998047         9936       512.00
       2.623     0.998242         9938       568.89
       2.969     0.998437         9940       640.00
       3.065     0.998633         9942       731.43
       3.181     0.998828         9944       853.33
       3.389     0.999023         9946      1024.00
       3.479     0.999121         9947      1137.78
       3.535     0.999219         9948      1280.00
       3.943     0.999316         9949      1462.86
       4.047     0.999414         9950      1706.67
       4.057     0.999512         9951      2048.00
       4.057     0.999561         9951      2275.56
       4.511     0.999609         9952      2560.00
       4.511     0.999658         9952      2925.71
       4.663     0.999707         9953      3413.33
       4.663     0.999756         9953      4096.00
       4.663     0.999780         9953      4551.11
       4.851     0.999805         9954      5120.00
       4.851     0.999829         9954      5851.43
       4.851     0.999854         9954      6826.67
       4.851     0.999878         9954      8192.00
       4.851     0.999890         9954      9102.22
       4.855     0.999902         9955     10240.00
       4.855     1.000000         9955          inf
#[Mean    =        1.207, StdDeviation   =        0.198]
#[Max     =        4.852, Total count    =         9955]
#[Buckets =           27, SubBuckets     =         2048]
-----------------------------------------------------------------------
  14943 requests in 30.02s, 2.49MB read
  Socket errors: connect 0, read 0, write 0, timeout 20
Requests/sec:    497.77  
Transfer/sec:     85.07KB
