Running 30s test @ http://10.111.138.180:8080/wrk2-api/post/compose
  4 threads and 200 connections

  Thread calibration: mean lat.: 223.955ms, rate sampling interval: 1968ms
  Thread calibration: mean lat.: 178.966ms, rate sampling interval: 1565ms
  Thread calibration: mean lat.: 188.714ms, rate sampling interval: 1691ms
  Thread calibration: mean lat.: 186.855ms, rate sampling interval: 1690ms

-----------------------------------------------------------------------
Test Results @ http://10.111.138.180:8080/wrk2-api/post/compose 
  Thread Stats   Avg      Stdev     99%   +/- Stdev
    Latency    11.34ms   19.12ms 131.01ms   98.40%
    Req/Sec   123.95      7.77   139.00     70.45%
  Latency Distribution (HdrHistogram - Recorded Latency)
 50.000%    8.63ms
 75.000%    9.81ms
 90.000%   11.72ms
 99.000%  131.01ms
 99.900%  260.35ms
 99.990%  313.34ms
 99.999%  317.70ms
100.000%  317.70ms

  Detailed Percentile spectrum:
       Value   Percentile   TotalCount 1/(1-Percentile)

       6.187     0.000000            1         1.00
       7.339     0.100000          994         1.11
       7.691     0.200000         1975         1.25
       7.999     0.300000         2964         1.43
       8.311     0.400000         3959         1.67
       8.631     0.500000         4926         2.00
       8.831     0.550000         5432         2.22
       9.023     0.600000         5924         2.50
       9.247     0.650000         6411         2.86
       9.503     0.700000         6909         3.33
       9.807     0.750000         7388         4.00
      10.007     0.775000         7638         4.44
      10.231     0.800000         7880         5.00
      10.487     0.825000         8132         5.71
      10.815     0.850000         8381         6.67
      11.175     0.875000         8620         8.00
      11.415     0.887500         8742         8.89
      11.719     0.900000         8868        10.00
      12.079     0.912500         8989        11.43
      12.383     0.925000         9112        13.33
      12.855     0.937500         9236        16.00
      13.175     0.943750         9296        17.78
      13.575     0.950000         9358        20.00
      13.943     0.956250         9420        22.86
      14.639     0.962500         9481        26.67
      15.663     0.968750         9543        32.00
      16.247     0.971875         9573        35.56
      17.151     0.975000         9604        40.00
      18.447     0.978125         9635        45.71
      21.535     0.981250         9666        53.33
      37.759     0.984375         9697        64.00
      78.591     0.985938         9712        71.11
     100.479     0.987500         9727        80.00
     121.727     0.989062         9743        91.43
     134.911     0.990625         9758       106.67
     148.351     0.992188         9774       128.00
     160.511     0.992969         9781       142.22
     165.631     0.993750         9789       160.00
     169.599     0.994531         9797       182.86
     175.359     0.995313         9804       213.33
     184.191     0.996094         9812       256.00
     186.623     0.996484         9816       284.44
     192.255     0.996875         9820       320.00
     193.919     0.997266         9824       365.71
     198.911     0.997656         9827       426.67
     201.983     0.998047         9831       512.00
     203.007     0.998242         9833       568.89
     209.151     0.998437         9835       640.00
     231.423     0.998633         9837       731.43
     246.143     0.998828         9839       853.33
     264.191     0.999023         9841      1024.00
     266.239     0.999121         9843      1137.78
     266.239     0.999219         9843      1280.00
     276.735     0.999316         9845      1462.86
     276.735     0.999414         9845      1706.67
     276.991     0.999512         9846      2048.00
     276.991     0.999561         9846      2275.56
     281.087     0.999609         9847      2560.00
     281.087     0.999658         9847      2925.71
     283.391     0.999707         9848      3413.33
     283.391     0.999756         9848      4096.00
     283.391     0.999780         9848      4551.11
     313.343     0.999805         9849      5120.00
     313.343     0.999829         9849      5851.43
     313.343     0.999854         9849      6826.67
     313.343     0.999878         9849      8192.00
     313.343     0.999890         9849      9102.22
     317.695     0.999902         9850     10240.00
     317.695     1.000000         9850          inf
#[Mean    =       11.340, StdDeviation   =       19.118]
#[Max     =      317.440, Total count    =         9850]
#[Buckets =           27, SubBuckets     =         2048]
-----------------------------------------------------------------------
  14826 requests in 30.01s, 2.70MB read
  Socket errors: connect 0, read 0, write 0, timeout 19
Requests/sec:    494.04  
Transfer/sec:     92.15KB
