Running 30s test @ http://10.111.138.180:8080/wrk2-api/home-timeline/read
  4 threads and 200 connections

  Thread calibration: mean lat.: 1.465ms, rate sampling interval: 10ms
  Thread calibration: mean lat.: 1.460ms, rate sampling interval: 10ms
  Thread calibration: mean lat.: 1.492ms, rate sampling interval: 10ms
  Thread calibration: mean lat.: 1.422ms, rate sampling interval: 10ms

-----------------------------------------------------------------------
Test Results @ http://10.111.138.180:8080/wrk2-api/home-timeline/read 
  Thread Stats   Avg      Stdev     99%   +/- Stdev
    Latency     1.20ms  203.16us   1.75ms   79.13%
    Req/Sec   156.70    129.08   555.00     58.87%
  Latency Distribution (HdrHistogram - Recorded Latency)
 50.000%    1.18ms
 75.000%    1.29ms
 90.000%    1.42ms
 99.000%    1.75ms
 99.900%    3.19ms
 99.990%    4.82ms
 99.999%    5.12ms
100.000%    5.12ms

  Detailed Percentile spectrum:
       Value   Percentile   TotalCount 1/(1-Percentile)

       0.744     0.000000            1         1.00
       0.998     0.100000         1192         1.11
       1.058     0.200000         2378         1.25
       1.102     0.300000         3573         1.43
       1.140     0.400000         4775         1.67
       1.178     0.500000         5949         2.00
       1.198     0.550000         6535         2.22
       1.219     0.600000         7148         2.50
       1.240     0.650000         7729         2.86
       1.265     0.700000         8326         3.33
       1.293     0.750000         8912         4.00
       1.309     0.775000         9228         4.44
       1.325     0.800000         9506         5.00
       1.344     0.825000         9807         5.71
       1.364     0.850000        10101         6.67
       1.389     0.875000        10391         8.00
       1.404     0.887500        10550         8.89
       1.417     0.900000        10694        10.00
       1.433     0.912500        10844        11.43
       1.450     0.925000        10983        13.33
       1.473     0.937500        11135        16.00
       1.488     0.943750        11208        17.78
       1.502     0.950000        11281        20.00
       1.519     0.956250        11356        22.86
       1.541     0.962500        11428        26.67
       1.563     0.968750        11504        32.00
       1.575     0.971875        11540        35.56
       1.588     0.975000        11579        40.00
       1.607     0.978125        11614        45.71
       1.625     0.981250        11652        53.33
       1.647     0.984375        11689        64.00
       1.669     0.985938        11707        71.11
       1.690     0.987500        11725        80.00
       1.722     0.989062        11744        91.43
       1.773     0.990625        11762       106.67
       1.822     0.992188        11781       128.00
       1.854     0.992969        11790       142.22
       1.895     0.993750        11799       160.00
       2.000     0.994531        11809       182.86
       2.097     0.995313        11819       213.33
       2.167     0.996094        11827       256.00
       2.297     0.996484        11832       284.44
       2.371     0.996875        11837       320.00
       2.427     0.997266        11841       365.71
       2.591     0.997656        11846       426.67
       2.735     0.998047        11850       512.00
       2.895     0.998242        11853       568.89
       2.939     0.998437        11855       640.00
       3.025     0.998633        11857       731.43
       3.187     0.998828        11861       853.33
       3.203     0.999023        11862      1024.00
       3.291     0.999121        11863      1137.78
       3.387     0.999219        11864      1280.00
       3.405     0.999316        11865      1462.86
       3.527     0.999414        11867      1706.67
       3.559     0.999512        11868      2048.00
       3.559     0.999561        11868      2275.56
       3.685     0.999609        11869      2560.00
       3.685     0.999658        11869      2925.71
       3.695     0.999707        11870      3413.33
       4.043     0.999756        11871      4096.00
       4.043     0.999780        11871      4551.11
       4.043     0.999805        11871      5120.00
       4.043     0.999829        11871      5851.43
       4.819     0.999854        11872      6826.67
       4.819     0.999878        11872      8192.00
       4.819     0.999890        11872      9102.22
       4.819     0.999902        11872     10240.00
       4.819     0.999915        11872     11702.86
       5.123     0.999927        11873     13653.33
       5.123     1.000000        11873          inf
#[Mean    =        1.202, StdDeviation   =        0.203]
#[Max     =        5.120, Total count    =        11873]
#[Buckets =           27, SubBuckets     =         2048]
-----------------------------------------------------------------------
  17859 requests in 30.01s, 2.98MB read
  Socket errors: connect 0, read 0, write 0, timeout 6
Requests/sec:    595.10  
Transfer/sec:    101.70KB
