Running 30s test @ http://10.111.138.180:8080/wrk2-api/post/compose
  4 threads and 200 connections

  Thread calibration: mean lat.: 376.002ms, rate sampling interval: 2725ms
  Thread calibration: mean lat.: 323.993ms, rate sampling interval: 2467ms
  Thread calibration: mean lat.: 336.537ms, rate sampling interval: 2738ms
  Thread calibration: mean lat.: 357.978ms, rate sampling interval: 2752ms

-----------------------------------------------------------------------
Test Results @ http://10.111.138.180:8080/wrk2-api/post/compose 
  Thread Stats   Avg      Stdev     99%   +/- Stdev
    Latency   226.88ms  536.47ms   2.47s    87.76%
    Req/Sec   134.03     24.82   168.00     62.07%
  Latency Distribution (HdrHistogram - Recorded Latency)
 50.000%   10.22ms
 75.000%   15.10ms
 90.000%  964.09ms
 99.000%    2.47s 
 99.900%    3.20s 
 99.990%    3.77s 
 99.999%    4.07s 
100.000%    4.07s 

  Detailed Percentile spectrum:
       Value   Percentile   TotalCount 1/(1-Percentile)

       6.311     0.000000            1         1.00
       7.767     0.100000         1066         1.11
       8.319     0.200000         2129         1.25
       8.831     0.300000         3195         1.43
       9.447     0.400000         4259         1.67
      10.215     0.500000         5316         2.00
      10.695     0.550000         5855         2.22
      11.271     0.600000         6381         2.50
      12.047     0.650000         6911         2.86
      13.135     0.700000         7444         3.33
      15.111     0.750000         7974         4.00
      17.375     0.775000         8240         4.44
      25.279     0.800000         8505         5.00
     351.743     0.825000         8771         5.71
     519.423     0.850000         9037         6.67
     741.375     0.875000         9303         8.00
     855.039     0.887500         9436         8.89
     964.095     0.900000         9569        10.00
    1090.559     0.912500         9701        11.43
    1217.535     0.925000         9834        13.33
    1370.111     0.937500         9968        16.00
    1439.743     0.943750        10035        17.78
    1516.543     0.950000        10101        20.00
    1611.775     0.956250        10166        22.86
    1720.319     0.962500        10233        26.67
    1827.839     0.968750        10299        32.00
    1908.735     0.971875        10333        35.56
    1983.487     0.975000        10366        40.00
    2080.767     0.978125        10399        45.71
    2136.063     0.981250        10432        53.33
    2242.559     0.984375        10465        64.00
    2299.903     0.985938        10483        71.11
    2375.679     0.987500        10499        80.00
    2435.071     0.989062        10515        91.43
    2488.319     0.990625        10532       106.67
    2566.143     0.992188        10548       128.00
    2613.247     0.992969        10557       142.22
    2662.399     0.993750        10566       160.00
    2705.407     0.994531        10574       182.86
    2775.039     0.995313        10582       213.33
    2846.719     0.996094        10591       256.00
    2869.247     0.996484        10594       284.44
    2902.015     0.996875        10598       320.00
    2947.071     0.997266        10602       365.71
    2992.127     0.997656        10607       426.67
    3004.415     0.998047        10611       512.00
    3043.327     0.998242        10613       568.89
    3055.615     0.998437        10615       640.00
    3112.959     0.998633        10617       731.43
    3147.775     0.998828        10619       853.33
    3207.167     0.999023        10621      1024.00
    3268.607     0.999121        10622      1137.78
    3295.231     0.999219        10623      1280.00
    3323.903     0.999316        10624      1462.86
    3344.383     0.999414        10625      1706.67
    3467.263     0.999512        10626      2048.00
    3473.407     0.999561        10627      2275.56
    3473.407     0.999609        10627      2560.00
    3624.959     0.999658        10628      2925.71
    3624.959     0.999707        10628      3413.33
    3670.015     0.999756        10629      4096.00
    3670.015     0.999780        10629      4551.11
    3670.015     0.999805        10629      5120.00
    3774.463     0.999829        10630      5851.43
    3774.463     0.999854        10630      6826.67
    3774.463     0.999878        10630      8192.00
    3774.463     0.999890        10630      9102.22
    3774.463     0.999902        10630     10240.00
    4073.471     0.999915        10631     11702.86
    4073.471     1.000000        10631          inf
#[Mean    =      226.883, StdDeviation   =      536.469]
#[Max     =     4071.424, Total count    =        10631]
#[Buckets =           27, SubBuckets     =         2048]
-----------------------------------------------------------------------
  16583 requests in 30.05s, 3.02MB read
  Socket errors: connect 0, read 0, write 0, timeout 5
Requests/sec:    551.77  
Transfer/sec:    102.92KB
