Running 30s test @ http://10.111.138.180:8080/wrk2-api/post/compose
  4 threads and 200 connections

  Thread calibration: mean lat.: 722.931ms, rate sampling interval: 3739ms
  Thread calibration: mean lat.: 732.490ms, rate sampling interval: 3487ms
  Thread calibration: mean lat.: 733.092ms, rate sampling interval: 3739ms
  Thread calibration: mean lat.: 747.763ms, rate sampling interval: 3895ms

-----------------------------------------------------------------------
Test Results @ http://10.111.138.180:8080/wrk2-api/post/compose 
  Thread Stats   Avg      Stdev     99%   +/- Stdev
    Latency   679.90ms    1.24s    4.82s    83.93%
    Req/Sec   138.75     37.91   179.00     50.00%
  Latency Distribution (HdrHistogram - Recorded Latency)
 50.000%   13.23ms
 75.000%  824.83ms
 90.000%    2.79s 
 99.000%    4.82s 
 99.900%    5.86s 
 99.990%    6.47s 
 99.999%    6.77s 
100.000%    6.77s 

  Detailed Percentile spectrum:
       Value   Percentile   TotalCount 1/(1-Percentile)

       6.483     0.000000            1         1.00
       8.367     0.100000         1087         1.11
       9.247     0.200000         2173         1.25
      10.215     0.300000         3261         1.43
      11.463     0.400000         4342         1.67
      13.231     0.500000         5428         2.00
      14.487     0.550000         5972         2.22
      16.495     0.600000         6517         2.50
      20.015     0.650000         7057         2.86
     376.319     0.700000         7599         3.33
     825.343     0.750000         8142         4.00
    1104.895     0.775000         8415         4.44
    1404.927     0.800000         8684         5.00
    1728.511     0.825000         8957         5.71
    2046.975     0.850000         9227         6.67
    2390.015     0.875000         9501         8.00
    2584.575     0.887500         9635         8.89
    2789.375     0.900000         9772        10.00
    2983.935     0.912500         9906        11.43
    3174.399     0.925000        10041        13.33
    3377.151     0.937500        10178        16.00
    3487.743     0.943750        10247        17.78
    3622.911     0.950000        10314        20.00
    3762.175     0.956250        10381        22.86
    3880.959     0.962500        10450        26.67
    4028.415     0.968750        10516        32.00
    4134.911     0.971875        10551        35.56
    4227.071     0.975000        10585        40.00
    4329.471     0.978125        10619        45.71
    4448.255     0.981250        10653        53.33
    4575.231     0.984375        10687        64.00
    4624.383     0.985938        10703        71.11
    4677.631     0.987500        10721        80.00
    4767.743     0.989062        10737        91.43
    4861.951     0.990625        10755       106.67
    5013.503     0.992188        10771       128.00
    5046.271     0.992969        10779       142.22
    5099.519     0.993750        10789       160.00
    5128.191     0.994531        10796       182.86
    5193.727     0.995313        10805       213.33
    5263.359     0.996094        10813       256.00
    5357.567     0.996484        10817       284.44
    5476.351     0.996875        10822       320.00
    5513.215     0.997266        10826       365.71
    5537.791     0.997656        10831       426.67
    5554.175     0.998047        10834       512.00
    5603.327     0.998242        10836       568.89
    5668.863     0.998437        10839       640.00
    5799.935     0.998633        10841       731.43
    5849.087     0.998828        10843       853.33
    5955.583     0.999023        10845      1024.00
    6037.503     0.999121        10846      1137.78
    6049.791     0.999219        10847      1280.00
    6074.367     0.999316        10848      1462.86
    6107.135     0.999414        10849      1706.67
    6205.439     0.999512        10850      2048.00
    6262.783     0.999561        10851      2275.56
    6262.783     0.999609        10851      2560.00
    6270.975     0.999658        10852      2925.71
    6270.975     0.999707        10852      3413.33
    6467.583     0.999756        10853      4096.00
    6467.583     0.999780        10853      4551.11
    6467.583     0.999805        10853      5120.00
    6471.679     0.999829        10854      5851.43
    6471.679     0.999854        10854      6826.67
    6471.679     0.999878        10854      8192.00
    6471.679     0.999890        10854      9102.22
    6471.679     0.999902        10854     10240.00
    6766.591     0.999915        10855     11702.86
    6766.591     1.000000        10855          inf
#[Mean    =      679.902, StdDeviation   =     1239.450]
#[Max     =     6762.496, Total count    =        10855]
#[Buckets =           27, SubBuckets     =         2048]
-----------------------------------------------------------------------
  17803 requests in 30.05s, 3.24MB read
  Socket errors: connect 0, read 0, write 0, timeout 3
Requests/sec:    592.37  
Transfer/sec:    110.49KB
