Running 30s test @ http://10.111.138.180:8080/wrk2-api/home-timeline/read
  4 threads and 200 connections

  Thread calibration: mean lat.: 3.221ms, rate sampling interval: 10ms
  Thread calibration: mean lat.: 3.979ms, rate sampling interval: 10ms
  Thread calibration: mean lat.: 3.478ms, rate sampling interval: 10ms
  Thread calibration: mean lat.: 3.206ms, rate sampling interval: 10ms

-----------------------------------------------------------------------
Test Results @ http://10.111.138.180:8080/wrk2-api/home-timeline/read 
  Thread Stats   Avg      Stdev     99%   +/- Stdev
    Latency     1.19ms  213.40us   1.76ms   80.92%
    Req/Sec   181.73    140.12   555.00     64.67%
  Latency Distribution (HdrHistogram - Recorded Latency)
 50.000%    1.17ms
 75.000%    1.28ms
 90.000%    1.41ms
 99.000%    1.76ms
 99.900%    3.19ms
 99.990%    5.29ms
 99.999%    5.33ms
100.000%    5.33ms

  Detailed Percentile spectrum:
       Value   Percentile   TotalCount 1/(1-Percentile)

       0.721     0.000000            1         1.00
       0.985     0.100000         1388         1.11
       1.043     0.200000         2775         1.25
       1.087     0.300000         4147         1.43
       1.127     0.400000         5533         1.67
       1.166     0.500000         6914         2.00
       1.185     0.550000         7578         2.22
       1.205     0.600000         8271         2.50
       1.227     0.650000         8969         2.86
       1.251     0.700000         9651         3.33
       1.280     0.750000        10320         4.00
       1.297     0.775000        10683         4.44
       1.315     0.800000        11025         5.00
       1.335     0.825000        11360         5.71
       1.357     0.850000        11698         6.67
       1.382     0.875000        12039         8.00
       1.395     0.887500        12217         8.89
       1.410     0.900000        12387        10.00
       1.425     0.912500        12560        11.43
       1.443     0.925000        12727        13.33
       1.469     0.937500        12905        16.00
       1.485     0.943750        12990        17.78
       1.501     0.950000        13073        20.00
       1.518     0.956250        13157        22.86
       1.542     0.962500        13244        26.67
       1.568     0.968750        13330        32.00
       1.587     0.971875        13372        35.56
       1.602     0.975000        13416        40.00
       1.622     0.978125        13459        45.71
       1.646     0.981250        13502        53.33
       1.675     0.984375        13546        64.00
       1.689     0.985938        13566        71.11
       1.713     0.987500        13589        80.00
       1.737     0.989062        13608        91.43
       1.781     0.990625        13630       106.67
       1.839     0.992188        13651       128.00
       1.882     0.992969        13662       142.22
       1.990     0.993750        13673       160.00
       2.117     0.994531        13683       182.86
       2.179     0.995313        13695       213.33
       2.319     0.996094        13705       256.00
       2.455     0.996484        13710       284.44
       2.569     0.996875        13717       320.00
       2.633     0.997266        13721       365.71
       2.773     0.997656        13726       426.67
       2.937     0.998047        13732       512.00
       2.979     0.998242        13734       568.89
       3.045     0.998437        13737       640.00
       3.109     0.998633        13740       731.43
       3.153     0.998828        13742       853.33
       3.309     0.999023        13745      1024.00
       3.327     0.999121        13746      1137.78
       3.477     0.999219        13748      1280.00
       3.483     0.999316        13749      1462.86
       3.621     0.999414        13750      1706.67
       3.719     0.999512        13752      2048.00
       3.719     0.999561        13752      2275.56
       3.809     0.999609        13753      2560.00
       3.943     0.999658        13754      2925.71
       3.943     0.999707        13754      3413.33
       4.131     0.999756        13755      4096.00
       4.131     0.999780        13755      4551.11
       4.951     0.999805        13756      5120.00
       4.951     0.999829        13756      5851.43
       4.951     0.999854        13756      6826.67
       5.291     0.999878        13757      8192.00
       5.291     0.999890        13757      9102.22
       5.291     0.999902        13757     10240.00
       5.291     0.999915        13757     11702.86
       5.291     0.999927        13757     13653.33
       5.327     0.999939        13758     16384.00
       5.327     1.000000        13758          inf
#[Mean    =        1.192, StdDeviation   =        0.213]
#[Max     =        5.324, Total count    =        13758]
#[Buckets =           27, SubBuckets     =         2048]
-----------------------------------------------------------------------
  20733 requests in 30.00s, 3.46MB read
  Socket errors: connect 0, read 0, write 0, timeout 2
Requests/sec:    691.04  
Transfer/sec:    118.10KB
