Running 30s test @ http://10.111.138.180:8080/wrk2-api/home-timeline/read
  4 threads and 200 connections

  Thread calibration: mean lat.: 1.334ms, rate sampling interval: 10ms
  Thread calibration: mean lat.: 1.191ms, rate sampling interval: 10ms
  Thread calibration: mean lat.: 1.401ms, rate sampling interval: 10ms
  Thread calibration: mean lat.: 1.801ms, rate sampling interval: 10ms

-----------------------------------------------------------------------
Test Results @ http://10.111.138.180:8080/wrk2-api/home-timeline/read 
  Thread Stats   Avg      Stdev     99%   +/- Stdev
    Latency     1.17ms  201.23us   1.73ms   77.75%
    Req/Sec   209.59    150.98   666.00     71.91%
  Latency Distribution (HdrHistogram - Recorded Latency)
 50.000%    1.14ms
 75.000%    1.26ms
 90.000%    1.39ms
 99.000%    1.73ms
 99.900%    2.89ms
 99.990%    3.57ms
 99.999%    4.49ms
100.000%    4.49ms

  Detailed Percentile spectrum:
       Value   Percentile   TotalCount 1/(1-Percentile)

       0.704     0.000000            1         1.00
       0.961     0.100000         1591         1.11
       1.019     0.200000         3203         1.25
       1.063     0.300000         4780         1.43
       1.104     0.400000         6347         1.67
       1.143     0.500000         7934         2.00
       1.162     0.550000         8742         2.22
       1.183     0.600000         9525         2.50
       1.206     0.650000        10327         2.86
       1.231     0.700000        11137         3.33
       1.259     0.750000        11921         4.00
       1.275     0.775000        12307         4.44
       1.292     0.800000        12709         5.00
       1.312     0.825000        13094         5.71
       1.336     0.850000        13496         6.67
       1.360     0.875000        13899         8.00
       1.376     0.887500        14086         8.89
       1.391     0.900000        14288        10.00
       1.409     0.912500        14484        11.43
       1.430     0.925000        14684        13.33
       1.454     0.937500        14884        16.00
       1.466     0.943750        14981        17.78
       1.480     0.950000        15076        20.00
       1.499     0.956250        15175        22.86
       1.519     0.962500        15273        26.67
       1.547     0.968750        15373        32.00
       1.564     0.971875        15422        35.56
       1.580     0.975000        15473        40.00
       1.599     0.978125        15526        45.71
       1.620     0.981250        15571        53.33
       1.647     0.984375        15621        64.00
       1.658     0.985938        15646        71.11
       1.677     0.987500        15669        80.00
       1.704     0.989062        15694        91.43
       1.762     0.990625        15719       106.67
       1.830     0.992188        15745       128.00
       1.884     0.992969        15756       142.22
       1.930     0.993750        15768       160.00
       2.016     0.994531        15781       182.86
       2.105     0.995313        15793       213.33
       2.237     0.996094        15806       256.00
       2.277     0.996484        15812       284.44
       2.315     0.996875        15818       320.00
       2.365     0.997266        15824       365.71
       2.449     0.997656        15830       426.67
       2.545     0.998047        15837       512.00
       2.601     0.998242        15840       568.89
       2.703     0.998437        15843       640.00
       2.783     0.998633        15846       731.43
       2.865     0.998828        15849       853.33
       3.045     0.999023        15852      1024.00
       3.123     0.999121        15854      1137.78
       3.135     0.999219        15855      1280.00
       3.169     0.999316        15857      1462.86
       3.223     0.999414        15858      1706.67
       3.265     0.999512        15860      2048.00
       3.283     0.999561        15861      2275.56
       3.283     0.999609        15861      2560.00
       3.325     0.999658        15862      2925.71
       3.561     0.999707        15863      3413.33
       3.569     0.999756        15864      4096.00
       3.569     0.999780        15864      4551.11
       3.569     0.999805        15864      5120.00
       3.573     0.999829        15865      5851.43
       3.573     0.999854        15865      6826.67
       4.183     0.999878        15866      8192.00
       4.183     0.999890        15866      9102.22
       4.183     0.999902        15866     10240.00
       4.183     0.999915        15866     11702.86
       4.183     0.999927        15866     13653.33
       4.495     0.999939        15867     16384.00
       4.495     1.000000        15867          inf
#[Mean    =        1.168, StdDeviation   =        0.201]
#[Max     =        4.492, Total count    =        15867]
#[Buckets =           27, SubBuckets     =         2048]
-----------------------------------------------------------------------
  23651 requests in 30.01s, 3.95MB read
  Socket errors: connect 0, read 0, write 0, timeout 3
Requests/sec:    788.20  
Transfer/sec:    134.70KB
