Running 30s test @ http://10.111.138.180:8080/wrk2-api/post/compose
  4 threads and 200 connections

  Thread calibration: mean lat.: 931.705ms, rate sampling interval: 3774ms
  Thread calibration: mean lat.: 805.976ms, rate sampling interval: 3518ms
  Thread calibration: mean lat.: 800.620ms, rate sampling interval: 3465ms
  Thread calibration: mean lat.: 532.272ms, rate sampling interval: 2371ms

-----------------------------------------------------------------------
Test Results @ http://10.111.138.180:8080/wrk2-api/post/compose 
  Thread Stats   Avg      Stdev     99%   +/- Stdev
    Latency     1.26s     1.96s    6.91s    81.35%
    Req/Sec   138.17     50.78   208.00     65.22%
  Latency Distribution (HdrHistogram - Recorded Latency)
 50.000%   20.82ms
 75.000%    2.20s 
 90.000%    4.67s 
 99.000%    6.91s 
 99.900%    7.91s 
 99.990%    8.63s 
 99.999%    9.08s 
100.000%    9.08s 

  Detailed Percentile spectrum:
       Value   Percentile   TotalCount 1/(1-Percentile)

       6.747     0.000000            1         1.00
       9.583     0.100000         1078         1.11
      11.255     0.200000         2154         1.25
      13.295     0.300000         3233         1.43
      16.159     0.400000         4305         1.67
      20.815     0.500000         5383         2.00
      24.495     0.550000         5920         2.22
      44.959     0.600000         6458         2.50
     700.415     0.650000         6996         2.86
    1424.383     0.700000         7534         3.33
    2197.503     0.750000         8073         4.00
    2607.103     0.775000         8341         4.44
    3010.559     0.800000         8610         5.00
    3416.063     0.825000         8879         5.71
    3831.807     0.850000         9148         6.67
    4243.455     0.875000         9417         8.00
    4456.447     0.887500         9553         8.89
    4665.343     0.900000         9687        10.00
    4874.239     0.912500         9822        11.43
    5091.327     0.925000         9957        13.33
    5328.895     0.937500        10091        16.00
    5496.831     0.943750        10157        17.78
    5615.615     0.950000        10225        20.00
    5758.975     0.956250        10292        22.86
    5906.431     0.962500        10360        26.67
    6090.751     0.968750        10426        32.00
    6201.343     0.971875        10460        35.56
    6291.455     0.975000        10497        40.00
    6389.759     0.978125        10527        45.71
    6504.447     0.981250        10562        53.33
    6643.711     0.984375        10594        64.00
    6705.151     0.985938        10611        71.11
    6815.743     0.987500        10629        80.00
    6881.279     0.989062        10645        91.43
    6963.199     0.990625        10663       106.67
    7036.927     0.992188        10678       128.00
    7081.983     0.992969        10687       142.22
    7167.999     0.993750        10695       160.00
    7225.343     0.994531        10704       182.86
    7360.511     0.995313        10712       213.33
    7454.719     0.996094        10720       256.00
    7475.199     0.996484        10726       284.44
    7524.351     0.996875        10729       320.00
    7561.215     0.997266        10733       365.71
    7630.847     0.997656        10737       426.67
    7651.327     0.998047        10741       512.00
    7737.343     0.998242        10744       568.89
    7798.783     0.998437        10746       640.00
    7852.031     0.998633        10748       731.43
    7876.607     0.998828        10750       853.33
    7942.143     0.999023        10752      1024.00
    7946.239     0.999121        10753      1137.78
    7995.391     0.999219        10754      1280.00
    8040.447     0.999316        10755      1462.86
    8060.927     0.999414        10756      1706.67
    8065.023     0.999512        10757      2048.00
    8265.727     0.999561        10758      2275.56
    8265.727     0.999609        10758      2560.00
    8355.839     0.999658        10759      2925.71
    8355.839     0.999707        10759      3413.33
    8372.223     0.999756        10760      4096.00
    8372.223     0.999780        10760      4551.11
    8372.223     0.999805        10760      5120.00
    8634.367     0.999829        10761      5851.43
    8634.367     0.999854        10761      6826.67
    8634.367     0.999878        10761      8192.00
    8634.367     0.999890        10761      9102.22
    8634.367     0.999902        10761     10240.00
    9084.927     0.999915        10762     11702.86
    9084.927     1.000000        10762          inf
#[Mean    =     1260.473, StdDeviation   =     1964.646]
#[Max     =     9076.736, Total count    =        10762]
#[Buckets =           27, SubBuckets     =         2048]
-----------------------------------------------------------------------
  18493 requests in 30.03s, 3.37MB read
  Socket errors: connect 0, read 0, write 0, timeout 3
Requests/sec:    615.82  
Transfer/sec:    114.88KB
