Running 30s test @ http://10.111.138.180:8080/wrk2-api/post/compose
  4 threads and 200 connections

  Thread calibration: mean lat.: 1175.549ms, rate sampling interval: 3954ms
  Thread calibration: mean lat.: 1240.192ms, rate sampling interval: 4239ms
  Thread calibration: mean lat.: 1240.410ms, rate sampling interval: 4902ms
  Thread calibration: mean lat.: 1313.040ms, rate sampling interval: 4558ms

-----------------------------------------------------------------------
Test Results @ http://10.111.138.180:8080/wrk2-api/post/compose 
  Thread Stats   Avg      Stdev     99%   +/- Stdev
    Latency     2.74s     2.61s    9.90s    81.51%
    Req/Sec   138.94     57.42   226.00     76.47%
  Latency Distribution (HdrHistogram - Recorded Latency)
 50.000%    1.71s 
 75.000%    4.21s 
 90.000%    6.99s 
 99.000%    9.90s 
 99.900%   11.70s 
 99.990%   13.09s 
 99.999%   13.33s 
100.000%   13.33s 

  Detailed Percentile spectrum:
       Value   Percentile   TotalCount 1/(1-Percentile)

     171.135     0.000000            1         1.00
     311.807     0.100000         1087         1.11
     530.431     0.200000         2173         1.25
     819.199     0.300000         3258         1.43
    1170.431     0.400000         4344         1.67
    1711.103     0.500000         5430         2.00
    2075.647     0.550000         5973         2.22
    2453.503     0.600000         6516         2.50
    2949.119     0.650000         7058         2.86
    3467.263     0.700000         7602         3.33
    4214.783     0.750000         8144         4.00
    4628.479     0.775000         8418         4.44
    5058.559     0.800000         8688         5.00
    5533.695     0.825000         8959         5.71
    6008.831     0.850000         9231         6.67
    6475.775     0.875000         9502         8.00
    6729.727     0.887500         9638         8.89
    6991.871     0.900000         9773        10.00
    7266.303     0.912500         9908        11.43
    7544.831     0.925000        10047        13.33
    7852.031     0.937500        10182        16.00
    8015.871     0.943750        10249        17.78
    8196.095     0.950000        10317        20.00
    8339.455     0.956250        10384        22.86
    8511.487     0.962500        10451        26.67
    8765.439     0.968750        10522        32.00
    8863.743     0.971875        10554        35.56
    9003.007     0.975000        10588        40.00
    9142.271     0.978125        10621        45.71
    9273.343     0.981250        10655        53.33
    9469.951     0.984375        10691        64.00
    9576.447     0.985938        10707        71.11
    9682.943     0.987500        10723        80.00
    9822.207     0.989062        10741        91.43
    9986.047     0.990625        10758       106.67
   10231.807     0.992188        10774       128.00
   10362.879     0.992969        10783       142.22
   10444.799     0.993750        10791       160.00
   10608.639     0.994531        10799       182.86
   10780.671     0.995313        10809       213.33
   10903.551     0.996094        10816       256.00
   11051.007     0.996484        10820       284.44
   11116.543     0.996875        10825       320.00
   11214.847     0.997266        10829       365.71
   11313.151     0.997656        10833       426.67
   11395.071     0.998047        10837       512.00
   11501.567     0.998242        10839       568.89
   11591.679     0.998437        10843       640.00
   11608.063     0.998633        10844       731.43
   11689.983     0.998828        10846       853.33
   11771.903     0.999023        10848      1024.00
   11927.551     0.999121        10849      1137.78
   11952.127     0.999219        10850      1280.00
   11968.511     0.999316        10851      1462.86
   12017.663     0.999414        10852      1706.67
   12353.535     0.999512        10853      2048.00
   12451.839     0.999561        10854      2275.56
   12451.839     0.999609        10854      2560.00
   12500.991     0.999658        10855      2925.71
   12500.991     0.999707        10855      3413.33
   12853.247     0.999756        10856      4096.00
   12853.247     0.999780        10856      4551.11
   12853.247     0.999805        10856      5120.00
   13090.815     0.999829        10857      5851.43
   13090.815     0.999854        10857      6826.67
   13090.815     0.999878        10857      8192.00
   13090.815     0.999890        10857      9102.22
   13090.815     0.999902        10857     10240.00
   13328.383     0.999915        10858     11702.86
   13328.383     1.000000        10858          inf
#[Mean    =     2738.529, StdDeviation   =     2612.976]
#[Max     =    13320.192, Total count    =        10858]
#[Buckets =           27, SubBuckets     =         2048]
-----------------------------------------------------------------------
  18781 requests in 30.05s, 3.42MB read
Requests/sec:    624.89  
Transfer/sec:    116.56KB
