Running 30s test @ http://10.111.138.180:8080/wrk2-api/home-timeline/read
  4 threads and 200 connections

  Thread calibration: mean lat.: 1.799ms, rate sampling interval: 10ms
  Thread calibration: mean lat.: 1.644ms, rate sampling interval: 10ms
  Thread calibration: mean lat.: 1.536ms, rate sampling interval: 10ms
  Thread calibration: mean lat.: 1.172ms, rate sampling interval: 10ms

-----------------------------------------------------------------------
Test Results @ http://10.111.138.180:8080/wrk2-api/home-timeline/read 
  Thread Stats   Avg      Stdev     99%   +/- Stdev
    Latency     1.17ms  278.56us   1.85ms   89.64%
    Req/Sec   236.02    158.84   666.00     69.57%
  Latency Distribution (HdrHistogram - Recorded Latency)
 50.000%    1.14ms
 75.000%    1.25ms
 90.000%    1.40ms
 99.000%    1.85ms
 99.900%    5.04ms
 99.990%    7.65ms
 99.999%    7.93ms
100.000%    7.93ms

  Detailed Percentile spectrum:
       Value   Percentile   TotalCount 1/(1-Percentile)

       0.708     0.000000            1         1.00
       0.957     0.100000         1797         1.11
       1.014     0.200000         3593         1.25
       1.057     0.300000         5360         1.43
       1.098     0.400000         7176         1.67
       1.138     0.500000         8962         2.00
       1.158     0.550000         9844         2.22
       1.179     0.600000        10739         2.50
       1.201     0.650000        11613         2.86
       1.227     0.700000        12526         3.33
       1.255     0.750000        13406         4.00
       1.273     0.775000        13845         4.44
       1.293     0.800000        14291         5.00
       1.314     0.825000        14745         5.71
       1.339     0.850000        15182         6.67
       1.367     0.875000        15629         8.00
       1.381     0.887500        15849         8.89
       1.398     0.900000        16087        10.00
       1.419     0.912500        16292        11.43
       1.442     0.925000        16525        13.33
       1.467     0.937500        16739        16.00
       1.482     0.943750        16857        17.78
       1.496     0.950000        16965        20.00
       1.517     0.956250        17073        22.86
       1.540     0.962500        17185        26.67
       1.567     0.968750        17298        32.00
       1.582     0.971875        17351        35.56
       1.604     0.975000        17408        40.00
       1.625     0.978125        17463        45.71
       1.656     0.981250        17520        53.33
       1.703     0.984375        17576        64.00
       1.734     0.985938        17603        71.11
       1.767     0.987500        17631        80.00
       1.819     0.989062        17658        91.43
       1.877     0.990625        17686       106.67
       1.959     0.992188        17714       128.00
       1.999     0.992969        17728       142.22
       2.083     0.993750        17742       160.00
       2.189     0.994531        17756       182.86
       2.251     0.995313        17770       213.33
       2.379     0.996094        17784       256.00
       2.497     0.996484        17791       284.44
       2.629     0.996875        17798       320.00
       2.903     0.997266        17805       365.71
       3.089     0.997656        17812       426.67
       3.491     0.998047        17819       512.00
       3.721     0.998242        17822       568.89
       3.979     0.998437        17826       640.00
       4.211     0.998633        17829       731.43
       4.351     0.998828        17833       853.33
       5.055     0.999023        17836      1024.00
       5.395     0.999121        17838      1137.78
       6.215     0.999219        17840      1280.00
       6.279     0.999316        17841      1462.86
       6.587     0.999414        17843      1706.67
       6.671     0.999512        17845      2048.00
       6.883     0.999561        17846      2275.56
       6.915     0.999609        17847      2560.00
       6.915     0.999658        17847      2925.71
       6.975     0.999707        17848      3413.33
       7.151     0.999756        17849      4096.00
       7.223     0.999780        17850      4551.11
       7.223     0.999805        17850      5120.00
       7.223     0.999829        17850      5851.43
       7.647     0.999854        17851      6826.67
       7.647     0.999878        17851      8192.00
       7.683     0.999890        17852      9102.22
       7.683     0.999902        17852     10240.00
       7.683     0.999915        17852     11702.86
       7.683     0.999927        17852     13653.33
       7.683     0.999939        17852     16384.00
       7.931     0.999945        17853     18204.44
       7.931     1.000000        17853          inf
#[Mean    =        1.173, StdDeviation   =        0.279]
#[Max     =        7.928, Total count    =        17853]
#[Buckets =           27, SubBuckets     =         2048]
-----------------------------------------------------------------------
  26609 requests in 30.01s, 4.44MB read
  Socket errors: connect 0, read 0, write 0, timeout 1
Requests/sec:    886.61  
Transfer/sec:    151.52KB
