Running 30s test @ http://10.111.138.180:8080/wrk2-api/post/compose
  4 threads and 200 connections

  Thread calibration: mean lat.: 2120.629ms, rate sampling interval: 6627ms
  Thread calibration: mean lat.: 2143.282ms, rate sampling interval: 6574ms
  Thread calibration: mean lat.: 2064.443ms, rate sampling interval: 6643ms
  Thread calibration: mean lat.: 2219.650ms, rate sampling interval: 6782ms

-----------------------------------------------------------------------
Test Results @ http://10.111.138.180:8080/wrk2-api/post/compose 
  Thread Stats   Avg      Stdev     99%   +/- Stdev
    Latency     4.56s     2.97s   12.66s    69.89%
    Req/Sec   143.18     61.14   224.00     63.64%
  Latency Distribution (HdrHistogram - Recorded Latency)
 50.000%    3.75s 
 75.000%    6.19s 
 90.000%    9.17s 
 99.000%   12.66s 
 99.900%   14.29s 
 99.990%   15.47s 
 99.999%   16.05s 
100.000%   16.05s 

  Detailed Percentile spectrum:
       Value   Percentile   TotalCount 1/(1-Percentile)

     186.367     0.000000            1         1.00
    1428.479     0.100000         1110         1.11
    2115.583     0.200000         2219         1.25
    2629.631     0.300000         3332         1.43
    3129.343     0.400000         4440         1.67
    3747.839     0.500000         5549         2.00
    4093.951     0.550000         6101         2.22
    4489.215     0.600000         6662         2.50
    4923.391     0.650000         7217         2.86
    5496.831     0.700000         7764         3.33
    6189.055     0.750000         8321         4.00
    6623.231     0.775000         8596         4.44
    7102.463     0.800000         8873         5.00
    7577.599     0.825000         9151         5.71
    8085.503     0.850000         9430         6.67
    8617.983     0.875000         9708         8.00
    8871.935     0.887500         9844         8.89
    9166.847     0.900000         9983        10.00
    9445.375     0.912500        10123        11.43
    9814.015     0.925000        10263        13.33
   10199.039     0.937500        10398        16.00
   10403.839     0.943750        10468        17.78
   10608.639     0.950000        10537        20.00
   10846.207     0.956250        10606        22.86
   11067.391     0.962500        10677        26.67
   11345.919     0.968750        10746        32.00
   11509.759     0.971875        10781        35.56
   11706.367     0.975000        10814        40.00
   11837.439     0.978125        10850        45.71
   12025.855     0.981250        10885        53.33
   12206.079     0.984375        10918        64.00
   12337.151     0.985938        10937        71.11
   12484.607     0.987500        10953        80.00
   12599.295     0.989062        10970        91.43
   12713.983     0.990625        10988       106.67
   12886.015     0.992188        11005       128.00
   13066.239     0.992969        11014       142.22
   13164.543     0.993750        11023       160.00
   13254.655     0.994531        11033       182.86
   13303.807     0.995313        11040       213.33
   13549.567     0.996094        11048       256.00
   13623.295     0.996484        11054       284.44
   13713.407     0.996875        11057       320.00
   13778.943     0.997266        11061       365.71
   13869.055     0.997656        11066       426.67
   13950.975     0.998047        11070       512.00
   13991.935     0.998242        11072       568.89
   14082.047     0.998437        11074       640.00
   14188.543     0.998633        11076       731.43
   14262.271     0.998828        11079       853.33
   14360.575     0.999023        11081      1024.00
   14409.727     0.999121        11083      1137.78
   14409.727     0.999219        11083      1280.00
   14475.263     0.999316        11084      1462.86
   14647.295     0.999414        11085      1706.67
   14688.255     0.999512        11086      2048.00
   14819.327     0.999561        11087      2275.56
   14819.327     0.999609        11087      2560.00
   14983.167     0.999658        11088      2925.71
   14983.167     0.999707        11088      3413.33
   14999.551     0.999756        11089      4096.00
   14999.551     0.999780        11089      4551.11
   14999.551     0.999805        11089      5120.00
   15474.687     0.999829        11090      5851.43
   15474.687     0.999854        11090      6826.67
   15474.687     0.999878        11090      8192.00
   15474.687     0.999890        11090      9102.22
   15474.687     0.999902        11090     10240.00
   16048.127     0.999915        11091     11702.86
   16048.127     1.000000        11091          inf
#[Mean    =     4556.108, StdDeviation   =     2968.127]
#[Max     =    16039.936, Total count    =        11091]
#[Buckets =           27, SubBuckets     =         2048]
-----------------------------------------------------------------------
  18524 requests in 30.01s, 3.37MB read
Requests/sec:    617.21  
Transfer/sec:    115.12KB
