Running 30s test @ http://10.111.138.180:8080/wrk2-api/home-timeline/read
  4 threads and 200 connections

  Thread calibration: mean lat.: 4.594ms, rate sampling interval: 10ms
  Thread calibration: mean lat.: 5.495ms, rate sampling interval: 10ms
  Thread calibration: mean lat.: 5.534ms, rate sampling interval: 10ms
  Thread calibration: mean lat.: 4.763ms, rate sampling interval: 10ms

-----------------------------------------------------------------------
Test Results @ http://10.111.138.180:8080/wrk2-api/home-timeline/read 
  Thread Stats   Avg      Stdev     99%   +/- Stdev
    Latency     1.15ms  211.32us   1.82ms   78.35%
    Req/Sec   264.11    167.70   700.00     75.07%
  Latency Distribution (HdrHistogram - Recorded Latency)
 50.000%    1.12ms
 75.000%    1.24ms
 90.000%    1.39ms
 99.000%    1.82ms
 99.900%    3.06ms
 99.990%    3.94ms
 99.999%    4.32ms
100.000%    4.32ms

  Detailed Percentile spectrum:
       Value   Percentile   TotalCount 1/(1-Percentile)

       0.696     0.000000            1         1.00
       0.943     0.100000         2011         1.11
       0.998     0.200000         3999         1.25
       1.041     0.300000         6038         1.43
       1.080     0.400000         8011         1.67
       1.120     0.500000        10014         2.00
       1.139     0.550000        11024         2.22
       1.160     0.600000        12021         2.50
       1.184     0.650000        12995         2.86
       1.209     0.700000        14021         3.33
       1.239     0.750000        14999         4.00
       1.257     0.775000        15498         4.44
       1.276     0.800000        15992         5.00
       1.299     0.825000        16502         5.71
       1.326     0.850000        17007         6.67
       1.358     0.875000        17494         8.00
       1.374     0.887500        17743         8.89
       1.391     0.900000        17994        10.00
       1.411     0.912500        18244        11.43
       1.436     0.925000        18496        13.33
       1.465     0.937500        18750        16.00
       1.482     0.943750        18869        17.78
       1.501     0.950000        18996        20.00
       1.520     0.956250        19116        22.86
       1.542     0.962500        19240        26.67
       1.574     0.968750        19365        32.00
       1.590     0.971875        19428        35.56
       1.612     0.975000        19490        40.00
       1.636     0.978125        19552        45.71
       1.673     0.981250        19616        53.33
       1.712     0.984375        19679        64.00
       1.729     0.985938        19708        71.11
       1.756     0.987500        19741        80.00
       1.789     0.989062        19771        91.43
       1.836     0.990625        19802       106.67
       1.910     0.992188        19833       128.00
       1.939     0.992969        19850       142.22
       1.983     0.993750        19865       160.00
       2.032     0.994531        19880       182.86
       2.073     0.995313        19896       213.33
       2.165     0.996094        19911       256.00
       2.223     0.996484        19919       284.44
       2.287     0.996875        19928       320.00
       2.331     0.997266        19936       365.71
       2.425     0.997656        19943       426.67
       2.659     0.998047        19950       512.00
       2.695     0.998242        19954       568.89
       2.759     0.998437        19958       640.00
       2.835     0.998633        19962       731.43
       2.955     0.998828        19967       853.33
       3.069     0.999023        19970      1024.00
       3.161     0.999121        19972      1137.78
       3.171     0.999219        19974      1280.00
       3.237     0.999316        19976      1462.86
       3.367     0.999414        19978      1706.67
       3.385     0.999512        19980      2048.00
       3.405     0.999561        19981      2275.56
       3.417     0.999609        19982      2560.00
       3.433     0.999658        19983      2925.71
       3.543     0.999707        19984      3413.33
       3.605     0.999756        19985      4096.00
       3.605     0.999780        19985      4551.11
       3.667     0.999805        19986      5120.00
       3.667     0.999829        19986      5851.43
       3.945     0.999854        19987      6826.67
       3.945     0.999878        19987      8192.00
       3.945     0.999890        19987      9102.22
       4.107     0.999902        19988     10240.00
       4.107     0.999915        19988     11702.86
       4.107     0.999927        19988     13653.33
       4.107     0.999939        19988     16384.00
       4.107     0.999945        19988     18204.44
       4.323     0.999951        19989     20480.00
       4.323     1.000000        19989          inf
#[Mean    =        1.152, StdDeviation   =        0.211]
#[Max     =        4.320, Total count    =        19989]
#[Buckets =           27, SubBuckets     =         2048]
-----------------------------------------------------------------------
  29899 requests in 30.00s, 4.99MB read
Requests/sec:    996.51  
Transfer/sec:    170.30KB
