Running 30s test @ http://10.111.138.180:8080/wrk2-api/post/compose
  4 threads and 200 connections

  Thread calibration: mean lat.: 488.483ms, rate sampling interval: 3432ms
  Thread calibration: mean lat.: 418.975ms, rate sampling interval: 3139ms
  Thread calibration: mean lat.: 419.242ms, rate sampling interval: 3082ms
  Thread calibration: mean lat.: 416.217ms, rate sampling interval: 3041ms

-----------------------------------------------------------------------
Test Results @ http://10.111.138.180:8080/wrk2-api/post/compose 
  Thread Stats   Avg      Stdev     99%   +/- Stdev
    Latency    12.43ms   25.06ms 185.73ms   98.30%
    Req/Sec   124.09      7.53   139.00     78.26%
  Latency Distribution (HdrHistogram - Recorded Latency)
 50.000%    8.81ms
 75.000%   10.06ms
 90.000%   12.08ms
 99.000%  185.73ms
 99.900%  269.05ms
 99.990%  357.38ms
 99.999%  396.03ms
100.000%  396.03ms

  Detailed Percentile spectrum:
       Value   Percentile   TotalCount 1/(1-Percentile)

       6.439     0.000000            3         1.00
       7.467     0.100000          980         1.11
       7.823     0.200000         1966         1.25
       8.147     0.300000         2950         1.43
       8.455     0.400000         3930         1.67
       8.807     0.500000         4909         2.00
       8.999     0.550000         5396         2.22
       9.215     0.600000         5893         2.50
       9.447     0.650000         6381         2.86
       9.719     0.700000         6861         3.33
      10.055     0.750000         7352         4.00
      10.263     0.775000         7598         4.44
      10.511     0.800000         7838         5.00
      10.783     0.825000         8084         5.71
      11.087     0.850000         8328         6.67
      11.479     0.875000         8575         8.00
      11.759     0.887500         8696         8.89
      12.079     0.900000         8819        10.00
      12.407     0.912500         8940        11.43
      12.919     0.925000         9064        13.33
      13.511     0.937500         9186        16.00
      13.959     0.943750         9246        17.78
      14.423     0.950000         9308        20.00
      15.023     0.956250         9370        22.86
      15.935     0.962500         9430        26.67
      17.119     0.968750         9491        32.00
      18.271     0.971875         9522        35.56
      19.647     0.975000         9554        40.00
      21.391     0.978125         9583        45.71
      23.839     0.981250         9614        53.33
      94.783     0.984375         9644        64.00
     123.199     0.985938         9660        71.11
     143.615     0.987500         9675        80.00
     182.399     0.989062         9690        91.43
     190.335     0.990625         9706       106.67
     202.751     0.992188         9721       128.00
     206.335     0.992969         9729       142.22
     210.687     0.993750         9736       160.00
     216.575     0.994531         9744       182.86
     228.351     0.995313         9752       213.33
     242.303     0.996094         9759       256.00
     245.247     0.996484         9763       284.44
     251.903     0.996875         9767       320.00
     254.719     0.997266         9771       365.71
     256.255     0.997656         9775       426.67
     257.151     0.998047         9779       512.00
     257.791     0.998242         9780       568.89
     259.711     0.998437         9782       640.00
     261.503     0.998633         9784       731.43
     266.239     0.998828         9786       853.33
     271.103     0.999023         9788      1024.00
     273.407     0.999121         9789      1137.78
     297.471     0.999219         9790      1280.00
     310.271     0.999316         9791      1462.86
     311.551     0.999414         9792      1706.67
     311.807     0.999512         9793      2048.00
     311.807     0.999561         9793      2275.56
     342.271     0.999609         9794      2560.00
     342.271     0.999658         9794      2925.71
     347.135     0.999707         9795      3413.33
     347.135     0.999756         9795      4096.00
     347.135     0.999780         9795      4551.11
     357.375     0.999805         9796      5120.00
     357.375     0.999829         9796      5851.43
     357.375     0.999854         9796      6826.67
     357.375     0.999878         9796      8192.00
     357.375     0.999890         9796      9102.22
     396.031     0.999902         9797     10240.00
     396.031     1.000000         9797          inf
#[Mean    =       12.427, StdDeviation   =       25.057]
#[Max     =      395.776, Total count    =         9797]
#[Buckets =           27, SubBuckets     =         2048]
-----------------------------------------------------------------------
  14773 requests in 30.00s, 2.69MB read
  Socket errors: connect 0, read 0, write 0, timeout 20
Requests/sec:    492.46  
Transfer/sec:     91.86KB
