Running 30s test @ http://10.111.138.180:8080/wrk2-api/home-timeline/read
  4 threads and 200 connections

  Thread calibration: mean lat.: 1.592ms, rate sampling interval: 10ms
  Thread calibration: mean lat.: 1.579ms, rate sampling interval: 10ms
  Thread calibration: mean lat.: 1.457ms, rate sampling interval: 10ms
  Thread calibration: mean lat.: 1.559ms, rate sampling interval: 10ms

-----------------------------------------------------------------------
Test Results @ http://10.111.138.180:8080/wrk2-api/home-timeline/read 
  Thread Stats   Avg      Stdev     99%   +/- Stdev
    Latency     1.21ms  192.79us   1.70ms   78.90%
    Req/Sec   131.29    118.13   444.00     57.86%
  Latency Distribution (HdrHistogram - Recorded Latency)
 50.000%    1.19ms
 75.000%    1.30ms
 90.000%    1.41ms
 99.000%    1.70ms
 99.900%    3.12ms
 99.990%    4.53ms
 99.999%    4.71ms
100.000%    4.71ms

  Detailed Percentile spectrum:
       Value   Percentile   TotalCount 1/(1-Percentile)

       0.753     0.000000            1         1.00
       1.014     0.100000          999         1.11
       1.071     0.200000         1995         1.25
       1.115     0.300000         3001         1.43
       1.153     0.400000         4004         1.67
       1.191     0.500000         5001         2.00
       1.208     0.550000         5480         2.22
       1.228     0.600000         5987         2.50
       1.248     0.650000         6480         2.86
       1.271     0.700000         6974         3.33
       1.299     0.750000         7483         4.00
       1.312     0.775000         7715         4.44
       1.329     0.800000         7971         5.00
       1.347     0.825000         8231         5.71
       1.366     0.850000         8471         6.67
       1.389     0.875000         8716         8.00
       1.400     0.887500         8843         8.89
       1.415     0.900000         8961        10.00
       1.431     0.912500         9086        11.43
       1.446     0.925000         9209        13.33
       1.464     0.937500         9330        16.00
       1.477     0.943750         9394        17.78
       1.492     0.950000         9461        20.00
       1.506     0.956250         9519        22.86
       1.524     0.962500         9584        26.67
       1.550     0.968750         9642        32.00
       1.564     0.971875         9675        35.56
       1.578     0.975000         9706        40.00
       1.594     0.978125         9735        45.71
       1.613     0.981250         9767        53.33
       1.642     0.984375         9798        64.00
       1.653     0.985938         9813        71.11
       1.664     0.987500         9829        80.00
       1.689     0.989062         9845        91.43
       1.720     0.990625         9859       106.67
       1.747     0.992188         9875       128.00
       1.761     0.992969         9883       142.22
       1.783     0.993750         9891       160.00
       1.800     0.994531         9898       182.86
       1.893     0.995313         9906       213.33
       2.065     0.996094         9914       256.00
       2.193     0.996484         9918       284.44
       2.257     0.996875         9921       320.00
       2.299     0.997266         9925       365.71
       2.453     0.997656         9929       426.67
       2.707     0.998047         9933       512.00
       2.751     0.998242         9935       568.89
       2.979     0.998437         9937       640.00
       3.011     0.998633         9939       731.43
       3.051     0.998828         9941       853.33
       3.139     0.999023         9943      1024.00
       3.155     0.999121         9944      1137.78
       3.165     0.999219         9945      1280.00
       3.245     0.999316         9946      1462.86
       3.345     0.999414         9947      1706.67
       3.349     0.999512         9948      2048.00
       3.349     0.999561         9948      2275.56
       4.015     0.999609         9949      2560.00
       4.015     0.999658         9949      2925.71
       4.471     0.999707         9950      3413.33
       4.471     0.999756         9950      4096.00
       4.471     0.999780         9950      4551.11
       4.531     0.999805         9951      5120.00
       4.531     0.999829         9951      5851.43
       4.531     0.999854         9951      6826.67
       4.531     0.999878         9951      8192.00
       4.531     0.999890         9951      9102.22
       4.707     0.999902         9952     10240.00
       4.707     1.000000         9952          inf
#[Mean    =        1.209, StdDeviation   =        0.193]
#[Max     =        4.704, Total count    =         9952]
#[Buckets =           27, SubBuckets     =         2048]
-----------------------------------------------------------------------
  14943 requests in 30.02s, 2.49MB read
  Socket errors: connect 0, read 0, write 0, timeout 21
Requests/sec:    497.78  
Transfer/sec:     85.07KB
