Running 30s test @ http://10.111.138.180:8080/wrk2-api/home-timeline/read
  4 threads and 200 connections

  Thread calibration: mean lat.: 3.265ms, rate sampling interval: 10ms
  Thread calibration: mean lat.: 2.688ms, rate sampling interval: 10ms
  Thread calibration: mean lat.: 3.048ms, rate sampling interval: 10ms
  Thread calibration: mean lat.: 2.247ms, rate sampling interval: 10ms

-----------------------------------------------------------------------
Test Results @ http://10.111.138.180:8080/wrk2-api/home-timeline/read 
  Thread Stats   Avg      Stdev     99%   +/- Stdev
    Latency     1.20ms  207.28us   1.75ms   81.13%
    Req/Sec   156.84    129.53   555.00     58.67%
  Latency Distribution (HdrHistogram - Recorded Latency)
 50.000%    1.18ms
 75.000%    1.29ms
 90.000%    1.41ms
 99.000%    1.75ms
 99.900%    3.11ms
 99.990%    5.54ms
 99.999%    6.00ms
100.000%    6.00ms

  Detailed Percentile spectrum:
       Value   Percentile   TotalCount 1/(1-Percentile)

       0.718     0.000000            1         1.00
       1.000     0.100000         1206         1.11
       1.059     0.200000         2387         1.25
       1.103     0.300000         3572         1.43
       1.142     0.400000         4781         1.67
       1.178     0.500000         5948         2.00
       1.197     0.550000         6535         2.22
       1.217     0.600000         7133         2.50
       1.238     0.650000         7738         2.86
       1.262     0.700000         8313         3.33
       1.291     0.750000         8917         4.00
       1.305     0.775000         9204         4.44
       1.322     0.800000         9507         5.00
       1.342     0.825000         9808         5.71
       1.361     0.850000        10094         6.67
       1.384     0.875000        10393         8.00
       1.396     0.887500        10541         8.89
       1.408     0.900000        10697        10.00
       1.426     0.912500        10841        11.43
       1.444     0.925000        10987        13.33
       1.466     0.937500        11135        16.00
       1.478     0.943750        11209        17.78
       1.491     0.950000        11282        20.00
       1.507     0.956250        11356        22.86
       1.524     0.962500        11431        26.67
       1.546     0.968750        11503        32.00
       1.561     0.971875        11546        35.56
       1.575     0.975000        11578        40.00
       1.602     0.978125        11615        45.71
       1.622     0.981250        11652        53.33
       1.649     0.984375        11690        64.00
       1.662     0.985938        11708        71.11
       1.682     0.987500        11727        80.00
       1.719     0.989062        11745        91.43
       1.763     0.990625        11763       106.67
       1.806     0.992188        11783       128.00
       1.847     0.992969        11791       142.22
       1.900     0.993750        11800       160.00
       2.043     0.994531        11810       182.86
       2.127     0.995313        11819       213.33
       2.227     0.996094        11828       256.00
       2.267     0.996484        11833       284.44
       2.289     0.996875        11837       320.00
       2.403     0.997266        11843       365.71
       2.471     0.997656        11847       426.67
       2.581     0.998047        11851       512.00
       2.839     0.998242        11854       568.89
       2.861     0.998437        11856       640.00
       2.909     0.998633        11858       731.43
       3.083     0.998828        11861       853.33
       3.137     0.999023        11863      1024.00
       3.203     0.999121        11864      1137.78
       3.217     0.999219        11865      1280.00
       3.273     0.999316        11866      1462.86
       3.885     0.999414        11868      1706.67
       4.331     0.999512        11869      2048.00
       4.331     0.999561        11869      2275.56
       4.435     0.999609        11870      2560.00
       4.435     0.999658        11870      2925.71
       4.695     0.999707        11871      3413.33
       5.127     0.999756        11872      4096.00
       5.127     0.999780        11872      4551.11
       5.127     0.999805        11872      5120.00
       5.127     0.999829        11872      5851.43
       5.543     0.999854        11873      6826.67
       5.543     0.999878        11873      8192.00
       5.543     0.999890        11873      9102.22
       5.543     0.999902        11873     10240.00
       5.543     0.999915        11873     11702.86
       5.999     0.999927        11874     13653.33
       5.999     1.000000        11874          inf
#[Mean    =        1.201, StdDeviation   =        0.207]
#[Max     =        5.996, Total count    =        11874]
#[Buckets =           27, SubBuckets     =         2048]
-----------------------------------------------------------------------
  17849 requests in 30.01s, 2.98MB read
  Socket errors: connect 0, read 0, write 0, timeout 5
Requests/sec:    594.75  
Transfer/sec:    101.64KB
