Running 30s test @ http://10.111.138.180:8080/wrk2-api/post/compose
  4 threads and 200 connections

  Thread calibration: mean lat.: 1206.835ms, rate sampling interval: 5423ms
  Thread calibration: mean lat.: 1035.239ms, rate sampling interval: 5062ms
  Thread calibration: mean lat.: 1078.782ms, rate sampling interval: 5246ms
  Thread calibration: mean lat.: 1048.975ms, rate sampling interval: 5054ms

-----------------------------------------------------------------------
Test Results @ http://10.111.138.180:8080/wrk2-api/post/compose 
  Thread Stats   Avg      Stdev     99%   +/- Stdev
    Latency   228.96ms  530.69ms   2.41s    87.73%
    Req/Sec   143.25      7.97   155.00     58.33%
  Latency Distribution (HdrHistogram - Recorded Latency)
 50.000%   10.42ms
 75.000%   15.60ms
 90.000%  935.93ms
 99.000%    2.41s 
 99.900%    3.18s 
 99.990%    3.89s 
 99.999%    4.11s 
100.000%    4.11s 

  Detailed Percentile spectrum:
       Value   Percentile   TotalCount 1/(1-Percentile)

       6.443     0.000000            1         1.00
       7.879     0.100000         1077         1.11
       8.439     0.200000         2155         1.25
       8.999     0.300000         3215         1.43
       9.631     0.400000         4291         1.67
      10.423     0.500000         5352         2.00
      10.879     0.550000         5888         2.22
      11.471     0.600000         6421         2.50
      12.319     0.650000         6956         2.86
      13.487     0.700000         7494         3.33
      15.599     0.750000         8022         4.00
      17.967     0.775000         8290         4.44
     202.495     0.800000         8557         5.00
     415.231     0.825000         8825         5.71
     529.407     0.850000         9092         6.67
     739.327     0.875000         9359         8.00
     830.975     0.887500         9493         8.89
     936.447     0.900000         9627        10.00
    1055.743     0.912500         9762        11.43
    1176.575     0.925000         9894        13.33
    1321.983     0.937500        10029        16.00
    1423.359     0.943750        10095        17.78
    1522.687     0.950000        10162        20.00
    1607.679     0.956250        10229        22.86
    1702.911     0.962500        10295        26.67
    1824.767     0.968750        10362        32.00
    1907.711     0.971875        10397        35.56
    1979.391     0.975000        10429        40.00
    2036.735     0.978125        10463        45.71
    2125.823     0.981250        10498        53.33
    2220.031     0.984375        10532        64.00
    2250.751     0.985938        10546        71.11
    2340.863     0.987500        10564        80.00
    2379.775     0.989062        10580        91.43
    2428.927     0.990625        10596       106.67
    2533.375     0.992188        10613       128.00
    2568.191     0.992969        10621       142.22
    2619.391     0.993750        10630       160.00
    2705.407     0.994531        10639       182.86
    2721.791     0.995313        10646       213.33
    2873.343     0.996094        10655       256.00
    2902.015     0.996484        10660       284.44
    2926.591     0.996875        10665       320.00
    2932.735     0.997266        10667       365.71
    2959.359     0.997656        10671       426.67
    3004.415     0.998047        10676       512.00
    3053.567     0.998242        10678       568.89
    3080.191     0.998437        10680       640.00
    3108.863     0.998633        10682       731.43
    3145.727     0.998828        10684       853.33
    3184.639     0.999023        10686      1024.00
    3244.031     0.999121        10687      1137.78
    3313.663     0.999219        10688      1280.00
    3364.863     0.999316        10689      1462.86
    3473.407     0.999414        10690      1706.67
    3475.455     0.999512        10691      2048.00
    3538.943     0.999561        10692      2275.56
    3538.943     0.999609        10692      2560.00
    3821.567     0.999658        10693      2925.71
    3821.567     0.999707        10693      3413.33
    3850.239     0.999756        10694      4096.00
    3850.239     0.999780        10694      4551.11
    3850.239     0.999805        10694      5120.00
    3893.247     0.999829        10695      5851.43
    3893.247     0.999854        10695      6826.67
    3893.247     0.999878        10695      8192.00
    3893.247     0.999890        10695      9102.22
    3893.247     0.999902        10695     10240.00
    4110.335     0.999915        10696     11702.86
    4110.335     1.000000        10696          inf
#[Mean    =      228.958, StdDeviation   =      530.686]
#[Max     =     4108.288, Total count    =        10696]
#[Buckets =           27, SubBuckets     =         2048]
-----------------------------------------------------------------------
  16658 requests in 30.04s, 3.03MB read
  Socket errors: connect 0, read 0, write 0, timeout 5
Requests/sec:    554.61  
Transfer/sec:    103.45KB
