Running 30s test @ http://10.111.138.180:8080/wrk2-api/home-timeline/read
  4 threads and 200 connections

  Thread calibration: mean lat.: 1.603ms, rate sampling interval: 10ms
  Thread calibration: mean lat.: 1.482ms, rate sampling interval: 10ms
  Thread calibration: mean lat.: 1.564ms, rate sampling interval: 10ms
  Thread calibration: mean lat.: 1.778ms, rate sampling interval: 10ms

-----------------------------------------------------------------------
Test Results @ http://10.111.138.180:8080/wrk2-api/home-timeline/read 
  Thread Stats   Avg      Stdev     99%   +/- Stdev
    Latency     1.20ms  221.85us   1.79ms   81.87%
    Req/Sec   181.78    139.84   555.00     64.92%
  Latency Distribution (HdrHistogram - Recorded Latency)
 50.000%    1.17ms
 75.000%    1.28ms
 90.000%    1.42ms
 99.000%    1.79ms
 99.900%    3.61ms
 99.990%    5.53ms
 99.999%    5.57ms
100.000%    5.57ms

  Detailed Percentile spectrum:
       Value   Percentile   TotalCount 1/(1-Percentile)

       0.739     0.000000            1         1.00
       0.988     0.100000         1391         1.11
       1.046     0.200000         2770         1.25
       1.091     0.300000         4153         1.43
       1.130     0.400000         5533         1.67
       1.169     0.500000         6908         2.00
       1.189     0.550000         7578         2.22
       1.209     0.600000         8256         2.50
       1.232     0.650000         8963         2.86
       1.256     0.700000         9639         3.33
       1.285     0.750000        10319         4.00
       1.302     0.775000        10678         4.44
       1.321     0.800000        11006         5.00
       1.341     0.825000        11353         5.71
       1.363     0.850000        11703         6.67
       1.388     0.875000        12040         8.00
       1.403     0.887500        12224         8.89
       1.419     0.900000        12386        10.00
       1.436     0.912500        12559        11.43
       1.456     0.925000        12733        13.33
       1.478     0.937500        12899        16.00
       1.493     0.943750        12987        17.78
       1.508     0.950000        13078        20.00
       1.524     0.956250        13160        22.86
       1.545     0.962500        13244        26.67
       1.569     0.968750        13329        32.00
       1.587     0.971875        13372        35.56
       1.605     0.975000        13418        40.00
       1.623     0.978125        13458        45.71
       1.649     0.981250        13500        53.33
       1.680     0.984375        13543        64.00
       1.697     0.985938        13564        71.11
       1.724     0.987500        13588        80.00
       1.750     0.989062        13607        91.43
       1.816     0.990625        13629       106.67
       1.907     0.992188        13650       128.00
       1.958     0.992969        13661       142.22
       2.022     0.993750        13672       160.00
       2.075     0.994531        13682       182.86
       2.127     0.995313        13693       213.33
       2.221     0.996094        13704       256.00
       2.289     0.996484        13709       284.44
       2.391     0.996875        13715       320.00
       2.551     0.997266        13720       365.71
       2.671     0.997656        13725       426.67
       2.755     0.998047        13731       512.00
       2.807     0.998242        13733       568.89
       2.853     0.998437        13736       640.00
       3.129     0.998633        13739       731.43
       3.471     0.998828        13741       853.33
       3.635     0.999023        13744      1024.00
       3.647     0.999121        13745      1137.78
       3.833     0.999219        13747      1280.00
       3.837     0.999316        13748      1462.86
       4.539     0.999414        13749      1706.67
       4.659     0.999512        13751      2048.00
       4.659     0.999561        13751      2275.56
       4.687     0.999609        13752      2560.00
       4.735     0.999658        13753      2925.71
       4.735     0.999707        13753      3413.33
       5.335     0.999756        13754      4096.00
       5.335     0.999780        13754      4551.11
       5.519     0.999805        13755      5120.00
       5.519     0.999829        13755      5851.43
       5.519     0.999854        13755      6826.67
       5.527     0.999878        13756      8192.00
       5.527     0.999890        13756      9102.22
       5.527     0.999902        13756     10240.00
       5.527     0.999915        13756     11702.86
       5.527     0.999927        13756     13653.33
       5.567     0.999939        13757     16384.00
       5.567     1.000000        13757          inf
#[Mean    =        1.196, StdDeviation   =        0.222]
#[Max     =        5.564, Total count    =        13757]
#[Buckets =           27, SubBuckets     =         2048]
-----------------------------------------------------------------------
  20733 requests in 30.00s, 3.46MB read
  Socket errors: connect 0, read 0, write 0, timeout 2
Requests/sec:    691.00  
Transfer/sec:    118.09KB
