Running 30s test @ http://10.111.138.180:8080/wrk2-api/post/compose
  4 threads and 200 connections

  Thread calibration: mean lat.: 1571.632ms, rate sampling interval: 5828ms
  Thread calibration: mean lat.: 1411.311ms, rate sampling interval: 5386ms
  Thread calibration: mean lat.: 1562.706ms, rate sampling interval: 5615ms
  Thread calibration: mean lat.: 1582.968ms, rate sampling interval: 5652ms

-----------------------------------------------------------------------
Test Results @ http://10.111.138.180:8080/wrk2-api/post/compose 
  Thread Stats   Avg      Stdev     99%   +/- Stdev
    Latency   692.30ms    1.23s    4.78s    84.16%
    Req/Sec   146.42     38.11   188.00     58.33%
  Latency Distribution (HdrHistogram - Recorded Latency)
 50.000%   14.81ms
 75.000%  883.71ms
 90.000%    2.74s 
 99.000%    4.78s 
 99.900%    5.72s 
 99.990%    6.34s 
 99.999%    6.41s 
100.000%    6.41s 

  Detailed Percentile spectrum:
       Value   Percentile   TotalCount 1/(1-Percentile)

       6.495     0.000000            1         1.00
       8.647     0.100000         1106         1.11
       9.671     0.200000         2197         1.25
      10.823     0.300000         3295         1.43
      12.335     0.400000         4395         1.67
      14.815     0.500000         5492         2.00
      17.295     0.550000         6042         2.22
      24.063     0.600000         6590         2.50
      99.327     0.650000         7139         2.86
     431.359     0.700000         7688         3.33
     883.711     0.750000         8237         4.00
    1159.167     0.775000         8512         4.44
    1440.767     0.800000         8786         5.00
    1724.415     0.825000         9061         5.71
    2045.951     0.850000         9335         6.67
    2387.967     0.875000         9610         8.00
    2574.335     0.887500         9749         8.89
    2738.175     0.900000         9884        10.00
    2930.687     0.912500        10022        11.43
    3143.679     0.925000        10159        13.33
    3358.719     0.937500        10296        16.00
    3502.079     0.943750        10365        17.78
    3608.575     0.950000        10433        20.00
    3774.463     0.956250        10503        22.86
    3921.919     0.962500        10572        26.67
    4071.423     0.968750        10640        32.00
    4151.295     0.971875        10674        35.56
    4272.127     0.975000        10708        40.00
    4366.335     0.978125        10742        45.71
    4440.063     0.981250        10777        53.33
    4550.655     0.984375        10811        64.00
    4612.095     0.985938        10830        71.11
    4669.439     0.987500        10845        80.00
    4743.167     0.989062        10864        91.43
    4816.895     0.990625        10880       106.67
    4866.047     0.992188        10898       128.00
    4911.103     0.992969        10906       142.22
    4943.871     0.993750        10914       160.00
    5017.599     0.994531        10922       182.86
    5083.135     0.995313        10931       213.33
    5177.343     0.996094        10940       256.00
    5197.823     0.996484        10944       284.44
    5283.839     0.996875        10948       320.00
    5324.799     0.997266        10952       365.71
    5386.239     0.997656        10957       426.67
    5427.199     0.998047        10961       512.00
    5455.871     0.998242        10963       568.89
    5525.503     0.998437        10965       640.00
    5644.287     0.998633        10967       731.43
    5709.823     0.998828        10970       853.33
    5758.975     0.999023        10972      1024.00
    5795.839     0.999121        10973      1137.78
    5849.087     0.999219        10974      1280.00
    5902.335     0.999316        10975      1462.86
    5935.103     0.999414        10976      1706.67
    5967.871     0.999512        10977      2048.00
    6025.215     0.999561        10978      2275.56
    6025.215     0.999609        10978      2560.00
    6074.367     0.999658        10979      2925.71
    6074.367     0.999707        10979      3413.33
    6205.439     0.999756        10980      4096.00
    6205.439     0.999780        10980      4551.11
    6205.439     0.999805        10980      5120.00
    6344.703     0.999829        10981      5851.43
    6344.703     0.999854        10981      6826.67
    6344.703     0.999878        10981      8192.00
    6344.703     0.999890        10981      9102.22
    6344.703     0.999902        10981     10240.00
    6406.143     0.999915        10982     11702.86
    6406.143     1.000000        10982          inf
#[Mean    =      692.300, StdDeviation   =     1229.556]
#[Max     =     6402.048, Total count    =        10982]
#[Buckets =           27, SubBuckets     =         2048]
-----------------------------------------------------------------------
  17718 requests in 30.00s, 3.23MB read
  Socket errors: connect 0, read 0, write 0, timeout 3
Requests/sec:    590.63  
Transfer/sec:    110.17KB
