Running 30s test @ http://10.111.138.180:8080/wrk2-api/home-timeline/read
  4 threads and 200 connections

  Thread calibration: mean lat.: 2.619ms, rate sampling interval: 10ms
  Thread calibration: mean lat.: 2.519ms, rate sampling interval: 10ms
  Thread calibration: mean lat.: 2.192ms, rate sampling interval: 10ms
  Thread calibration: mean lat.: 2.451ms, rate sampling interval: 10ms

-----------------------------------------------------------------------
Test Results @ http://10.111.138.180:8080/wrk2-api/home-timeline/read 
  Thread Stats   Avg      Stdev     99%   +/- Stdev
    Latency     1.18ms  217.55us   1.82ms   80.17%
    Req/Sec   209.85    150.22   600.00     72.33%
  Latency Distribution (HdrHistogram - Recorded Latency)
 50.000%    1.15ms
 75.000%    1.27ms
 90.000%    1.41ms
 99.000%    1.82ms
 99.900%    3.39ms
 99.990%    4.89ms
 99.999%    4.97ms
100.000%    4.97ms

  Detailed Percentile spectrum:
       Value   Percentile   TotalCount 1/(1-Percentile)

       0.739     0.000000            1         1.00
       0.967     0.100000         1594         1.11
       1.026     0.200000         3189         1.25
       1.070     0.300000         4798         1.43
       1.110     0.400000         6355         1.67
       1.149     0.500000         7987         2.00
       1.168     0.550000         8763         2.22
       1.189     0.600000         9535         2.50
       1.212     0.650000        10349         2.86
       1.237     0.700000        11125         3.33
       1.268     0.750000        11926         4.00
       1.286     0.775000        12327         4.44
       1.305     0.800000        12711         5.00
       1.326     0.825000        13107         5.71
       1.350     0.850000        13496         6.67
       1.377     0.875000        13910         8.00
       1.391     0.887500        14098         8.89
       1.409     0.900000        14289        10.00
       1.428     0.912500        14490        11.43
       1.450     0.925000        14685        13.33
       1.477     0.937500        14885        16.00
       1.492     0.943750        14987        17.78
       1.508     0.950000        15085        20.00
       1.528     0.956250        15182        22.86
       1.555     0.962500        15282        26.67
       1.585     0.968750        15379        32.00
       1.600     0.971875        15429        35.56
       1.618     0.975000        15479        40.00
       1.643     0.978125        15528        45.71
       1.672     0.981250        15578        53.33
       1.697     0.984375        15627        64.00
       1.721     0.985938        15652        71.11
       1.749     0.987500        15677        80.00
       1.793     0.989062        15702        91.43
       1.847     0.990625        15727       106.67
       1.909     0.992188        15753       128.00
       1.947     0.992969        15764       142.22
       1.982     0.993750        15776       160.00
       2.037     0.994531        15789       182.86
       2.111     0.995313        15801       213.33
       2.223     0.996094        15813       256.00
       2.281     0.996484        15820       284.44
       2.321     0.996875        15827       320.00
       2.391     0.997266        15832       365.71
       2.507     0.997656        15838       426.67
       2.641     0.998047        15844       512.00
       2.931     0.998242        15848       568.89
       3.125     0.998437        15851       640.00
       3.239     0.998633        15854       731.43
       3.349     0.998828        15857       853.33
       3.459     0.999023        15860      1024.00
       3.485     0.999121        15862      1137.78
       3.539     0.999219        15863      1280.00
       3.559     0.999316        15865      1462.86
       3.697     0.999414        15866      1706.67
       3.795     0.999512        15868      2048.00
       3.895     0.999561        15869      2275.56
       3.895     0.999609        15869      2560.00
       3.899     0.999658        15870      2925.71
       3.935     0.999707        15871      3413.33
       4.455     0.999756        15872      4096.00
       4.455     0.999780        15872      4551.11
       4.455     0.999805        15872      5120.00
       4.891     0.999829        15873      5851.43
       4.891     0.999854        15873      6826.67
       4.947     0.999878        15874      8192.00
       4.947     0.999890        15874      9102.22
       4.947     0.999902        15874     10240.00
       4.947     0.999915        15874     11702.86
       4.947     0.999927        15874     13653.33
       4.967     0.999939        15875     16384.00
       4.967     1.000000        15875          inf
#[Mean    =        1.179, StdDeviation   =        0.218]
#[Max     =        4.964, Total count    =        15875]
#[Buckets =           27, SubBuckets     =         2048]
-----------------------------------------------------------------------
  23852 requests in 30.01s, 3.98MB read
Requests/sec:    794.91  
Transfer/sec:    135.85KB
