Running 30s test @ http://10.111.138.180:8080/wrk2-api/post/compose
  4 threads and 200 connections

  Thread calibration: mean lat.: 2247.333ms, rate sampling interval: 6729ms
  Thread calibration: mean lat.: 2369.489ms, rate sampling interval: 6848ms
  Thread calibration: mean lat.: 2274.166ms, rate sampling interval: 6651ms
  Thread calibration: mean lat.: 2467.003ms, rate sampling interval: 7274ms

-----------------------------------------------------------------------
Test Results @ http://10.111.138.180:8080/wrk2-api/post/compose 
  Thread Stats   Avg      Stdev     99%   +/- Stdev
    Latency     2.20s     1.95s    8.04s    74.99%
    Req/Sec   163.44     55.89   230.00     55.56%
  Latency Distribution (HdrHistogram - Recorded Latency)
 50.000%    1.61s 
 75.000%    3.27s 
 90.000%    5.12s 
 99.000%    8.04s 
 99.900%   10.08s 
 99.990%   11.09s 
 99.999%   11.20s 
100.000%   11.20s 

  Detailed Percentile spectrum:
       Value   Percentile   TotalCount 1/(1-Percentile)

     161.023     0.000000            1         1.00
     273.407     0.100000         1175         1.11
     498.943     0.200000         2351         1.25
     778.751     0.300000         3526         1.43
    1167.359     0.400000         4702         1.67
    1609.727     0.500000         5875         2.00
    1848.319     0.550000         6462         2.22
    2164.735     0.600000         7051         2.50
    2484.223     0.650000         7639         2.86
    2811.903     0.700000         8225         3.33
    3274.751     0.750000         8821         4.00
    3475.455     0.775000         9111         4.44
    3715.071     0.800000         9401         5.00
    3991.551     0.825000         9694         5.71
    4276.223     0.850000         9988         6.67
    4640.767     0.875000        10283         8.00
    4861.951     0.887500        10428         8.89
    5119.999     0.900000        10577        10.00
    5382.143     0.912500        10723        11.43
    5648.383     0.925000        10868        13.33
    5939.199     0.937500        11015        16.00
    6082.559     0.943750        11093        17.78
    6258.687     0.950000        11163        20.00
    6459.391     0.956250        11235        22.86
    6655.999     0.962500        11309        26.67
    6909.951     0.968750        11382        32.00
    7000.063     0.971875        11419        35.56
    7147.519     0.975000        11456        40.00
    7282.687     0.978125        11494        45.71
    7446.527     0.981250        11530        53.33
    7610.367     0.984375        11566        64.00
    7733.247     0.985938        11586        71.11
    7827.455     0.987500        11603        80.00
    7933.951     0.989062        11624        91.43
    8142.847     0.990625        11640       106.67
    8294.399     0.992188        11658       128.00
    8404.991     0.992969        11667       142.22
    8519.679     0.993750        11676       160.00
    8675.327     0.994531        11685       182.86
    8855.551     0.995313        11694       213.33
    9093.119     0.996094        11705       256.00
    9134.079     0.996484        11708       284.44
    9256.959     0.996875        11713       320.00
    9371.647     0.997266        11717       365.71
    9486.335     0.997656        11722       426.67
    9707.519     0.998047        11727       512.00
    9822.207     0.998242        11731       568.89
    9822.207     0.998437        11731       640.00
    9936.895     0.998633        11733       731.43
   10067.967     0.998828        11736       853.33
   10108.927     0.999023        11738      1024.00
   10158.079     0.999121        11739      1137.78
   10190.847     0.999219        11740      1280.00
   10264.575     0.999316        11741      1462.86
   10395.647     0.999414        11743      1706.67
   10510.335     0.999512        11744      2048.00
   10510.335     0.999561        11744      2275.56
   10518.527     0.999609        11745      2560.00
   10518.527     0.999658        11745      2925.71
   10657.791     0.999707        11746      3413.33
   10895.359     0.999756        11747      4096.00
   10895.359     0.999780        11747      4551.11
   10895.359     0.999805        11747      5120.00
   10895.359     0.999829        11747      5851.43
   11091.967     0.999854        11748      6826.67
   11091.967     0.999878        11748      8192.00
   11091.967     0.999890        11748      9102.22
   11091.967     0.999902        11748     10240.00
   11091.967     0.999915        11748     11702.86
   11198.463     0.999927        11749     13653.33
   11198.463     1.000000        11749          inf
#[Mean    =     2203.183, StdDeviation   =     1951.570]
#[Max     =    11190.272, Total count    =        11749]
#[Buckets =           27, SubBuckets     =         2048]
-----------------------------------------------------------------------
  18193 requests in 30.05s, 3.31MB read
Requests/sec:    605.40  
Transfer/sec:    112.92KB
