Running 30s test @ http://10.111.138.180:8080/wrk2-api/post/compose
  4 threads and 200 connections

  Thread calibration: mean lat.: 2151.317ms, rate sampling interval: 6258ms
  Thread calibration: mean lat.: 2106.052ms, rate sampling interval: 6152ms
  Thread calibration: mean lat.: 2011.383ms, rate sampling interval: 6029ms
  Thread calibration: mean lat.: 2068.169ms, rate sampling interval: 6250ms

-----------------------------------------------------------------------
Test Results @ http://10.111.138.180:8080/wrk2-api/post/compose 
  Thread Stats   Avg      Stdev     99%   +/- Stdev
    Latency     3.35s     2.56s   10.78s    70.59%
    Req/Sec   145.50     57.51   226.00     66.67%
  Latency Distribution (HdrHistogram - Recorded Latency)
 50.000%    2.63s 
 75.000%    4.52s 
 90.000%    7.36s 
 99.000%   10.78s 
 99.900%   12.68s 
 99.990%   13.69s 
 99.999%   13.87s 
100.000%   13.87s 

  Detailed Percentile spectrum:
       Value   Percentile   TotalCount 1/(1-Percentile)

     186.367     0.000000            1         1.00
     664.575     0.100000         1134         1.11
    1218.559     0.200000         2269         1.25
    1696.767     0.300000         3403         1.43
    2144.255     0.400000         4540         1.67
    2627.583     0.500000         5671         2.00
    2922.495     0.550000         6237         2.22
    3221.503     0.600000         6806         2.50
    3545.087     0.650000         7372         2.86
    3964.927     0.700000         7938         3.33
    4517.887     0.750000         8505         4.00
    4947.967     0.775000         8791         4.44
    5410.815     0.800000         9072         5.00
    5877.759     0.825000         9356         5.71
    6328.319     0.850000         9641         6.67
    6819.839     0.875000         9928         8.00
    7098.367     0.887500        10064         8.89
    7364.607     0.900000        10209        10.00
    7647.231     0.912500        10350        11.43
    7946.239     0.925000        10493        13.33
    8298.495     0.937500        10631        16.00
    8437.759     0.943750        10703        17.78
    8658.943     0.950000        10773        20.00
    8855.551     0.956250        10843        22.86
    9084.927     0.962500        10914        26.67
    9363.455     0.968750        10985        32.00
    9535.487     0.971875        11021        35.56
    9715.711     0.975000        11056        40.00
    9879.551     0.978125        11093        45.71
   10092.543     0.981250        11128        53.33
   10264.575     0.984375        11162        64.00
   10412.031     0.985938        11180        71.11
   10534.911     0.987500        11198        80.00
   10657.791     0.989062        11216        91.43
   10821.631     0.990625        11233       106.67
   11026.431     0.992188        11251       128.00
   11075.583     0.992969        11261       142.22
   11182.079     0.993750        11269       160.00
   11321.343     0.994531        11277       182.86
   11501.567     0.995313        11287       213.33
   11591.679     0.996094        11295       256.00
   11739.135     0.996484        11300       284.44
   11829.247     0.996875        11305       320.00
   11894.783     0.997266        11308       365.71
   11976.703     0.997656        11313       426.67
   12042.239     0.998047        11317       512.00
   12230.655     0.998242        11320       568.89
   12279.807     0.998437        11323       640.00
   12304.383     0.998633        11324       731.43
   12361.727     0.998828        11326       853.33
   12681.215     0.999023        11328      1024.00
   12779.519     0.999121        11330      1137.78
   12845.055     0.999219        11331      1280.00
   12853.247     0.999316        11332      1462.86
   13025.279     0.999414        11333      1706.67
   13033.471     0.999512        11334      2048.00
   13099.007     0.999561        11335      2275.56
   13099.007     0.999609        11335      2560.00
   13254.655     0.999658        11336      2925.71
   13254.655     0.999707        11336      3413.33
   13631.487     0.999756        11337      4096.00
   13631.487     0.999780        11337      4551.11
   13631.487     0.999805        11337      5120.00
   13688.831     0.999829        11338      5851.43
   13688.831     0.999854        11338      6826.67
   13688.831     0.999878        11338      8192.00
   13688.831     0.999890        11338      9102.22
   13688.831     0.999902        11338     10240.00
   13869.055     0.999915        11339     11702.86
   13869.055     1.000000        11339          inf
#[Mean    =     3346.981, StdDeviation   =     2556.975]
#[Max     =    13860.864, Total count    =        11339]
#[Buckets =           27, SubBuckets     =         2048]
-----------------------------------------------------------------------
  18465 requests in 30.01s, 3.36MB read
Requests/sec:    615.38  
Transfer/sec:    114.79KB
