Running 30s test @ http://10.111.138.180:8080/wrk2-api/home-timeline/read
  4 threads and 200 connections

  Thread calibration: mean lat.: 1.329ms, rate sampling interval: 10ms
  Thread calibration: mean lat.: 1.246ms, rate sampling interval: 10ms
  Thread calibration: mean lat.: 1.250ms, rate sampling interval: 10ms
  Thread calibration: mean lat.: 1.163ms, rate sampling interval: 10ms

-----------------------------------------------------------------------
Test Results @ http://10.111.138.180:8080/wrk2-api/home-timeline/read 
  Thread Stats   Avg      Stdev     99%   +/- Stdev
    Latency     1.16ms  212.48us   1.82ms   79.59%
    Req/Sec   235.71    159.08   666.00     69.87%
  Latency Distribution (HdrHistogram - Recorded Latency)
 50.000%    1.13ms
 75.000%    1.25ms
 90.000%    1.39ms
 99.000%    1.82ms
 99.900%    3.10ms
 99.990%    4.49ms
 99.999%    5.22ms
100.000%    5.22ms

  Detailed Percentile spectrum:
       Value   Percentile   TotalCount 1/(1-Percentile)

       0.741     0.000000            1         1.00
       0.952     0.100000         1810         1.11
       1.007     0.200000         3572         1.25
       1.052     0.300000         5387         1.43
       1.092     0.400000         7159         1.67
       1.130     0.500000         8925         2.00
       1.149     0.550000         9820         2.22
       1.171     0.600000        10731         2.50
       1.193     0.650000        11644         2.86
       1.218     0.700000        12506         3.33
       1.249     0.750000        13403         4.00
       1.266     0.775000        13855         4.44
       1.283     0.800000        14285         5.00
       1.304     0.825000        14745         5.71
       1.328     0.850000        15175         6.67
       1.355     0.875000        15623         8.00
       1.371     0.887500        15847         8.89
       1.389     0.900000        16068        10.00
       1.411     0.912500        16294        11.43
       1.436     0.925000        16519        13.33
       1.465     0.937500        16741        16.00
       1.482     0.943750        16851        17.78
       1.499     0.950000        16962        20.00
       1.520     0.956250        17073        22.86
       1.542     0.962500        17183        26.67
       1.571     0.968750        17296        32.00
       1.585     0.971875        17350        35.56
       1.608     0.975000        17404        40.00
       1.633     0.978125        17462        45.71
       1.667     0.981250        17519        53.33
       1.714     0.984375        17572        64.00
       1.737     0.985938        17599        71.11
       1.760     0.987500        17627        80.00
       1.793     0.989062        17655        91.43
       1.841     0.990625        17683       106.67
       1.900     0.992188        17711       128.00
       1.946     0.992969        17725       142.22
       2.002     0.993750        17739       160.00
       2.073     0.994531        17753       182.86
       2.131     0.995313        17768       213.33
       2.203     0.996094        17781       256.00
       2.239     0.996484        17788       284.44
       2.307     0.996875        17795       320.00
       2.347     0.997266        17802       365.71
       2.411     0.997656        17809       426.67
       2.463     0.998047        17816       512.00
       2.519     0.998242        17819       568.89
       2.615     0.998437        17823       640.00
       2.777     0.998633        17827       731.43
       2.959     0.998828        17830       853.33
       3.105     0.999023        17833      1024.00
       3.151     0.999121        17835      1137.78
       3.315     0.999219        17837      1280.00
       3.529     0.999316        17838      1462.86
       3.641     0.999414        17840      1706.67
       3.729     0.999512        17842      2048.00
       3.735     0.999561        17843      2275.56
       3.805     0.999609        17844      2560.00
       3.805     0.999658        17844      2925.71
       3.861     0.999707        17845      3413.33
       4.155     0.999756        17846      4096.00
       4.163     0.999780        17847      4551.11
       4.163     0.999805        17847      5120.00
       4.163     0.999829        17847      5851.43
       4.487     0.999854        17848      6826.67
       4.487     0.999878        17848      8192.00
       4.747     0.999890        17849      9102.22
       4.747     0.999902        17849     10240.00
       4.747     0.999915        17849     11702.86
       4.747     0.999927        17849     13653.33
       4.747     0.999939        17849     16384.00
       5.223     0.999945        17850     18204.44
       5.223     1.000000        17850          inf
#[Mean    =        1.161, StdDeviation   =        0.212]
#[Max     =        5.220, Total count    =        17850]
#[Buckets =           27, SubBuckets     =         2048]
-----------------------------------------------------------------------
  26611 requests in 30.01s, 4.44MB read
Requests/sec:    886.73  
Transfer/sec:    151.54KB
