Running 30s test @ http://10.111.138.180:8080/wrk2-api/post/compose
  4 threads and 200 connections

  Thread calibration: mean lat.: 3609.045ms, rate sampling interval: 9617ms
  Thread calibration: mean lat.: 2723.202ms, rate sampling interval: 7344ms
  Thread calibration: mean lat.: 3521.770ms, rate sampling interval: 9068ms
  Thread calibration: mean lat.: 3555.351ms, rate sampling interval: 9256ms

-----------------------------------------------------------------------
Test Results @ http://10.111.138.180:8080/wrk2-api/post/compose 
  Thread Stats   Avg      Stdev     99%   +/- Stdev
    Latency     5.45s     2.71s   13.12s    71.53%
    Req/Sec   157.12     63.57   222.00     50.00%
  Latency Distribution (HdrHistogram - Recorded Latency)
 50.000%    4.97s 
 75.000%    6.66s 
 90.000%    9.58s 
 99.000%   13.12s 
 99.900%   15.43s 
 99.990%   17.06s 
 99.999%   17.07s 
100.000%   17.07s 

  Detailed Percentile spectrum:
       Value   Percentile   TotalCount 1/(1-Percentile)

     213.375     0.000000            1         1.00
    2514.943     0.100000         1185         1.11
    3264.511     0.200000         2370         1.25
    3844.095     0.300000         3554         1.43
    4415.487     0.400000         4749         1.67
    4968.447     0.500000         5929         2.00
    5234.687     0.550000         6527         2.22
    5496.831     0.600000         7109         2.50
    5804.031     0.650000         7702         2.86
    6156.287     0.700000         8294         3.33
    6655.999     0.750000         8885         4.00
    6991.871     0.775000         9183         4.44
    7385.087     0.800000         9480         5.00
    7819.263     0.825000         9774         5.71
    8347.647     0.850000        10071         6.67
    8937.471     0.875000        10367         8.00
    9240.575     0.887500        10514         8.89
    9584.639     0.900000        10666        10.00
    9895.935     0.912500        10812        11.43
   10231.807     0.925000        10960        13.33
   10600.447     0.937500        11108        16.00
   10788.863     0.943750        11183        17.78
   11018.239     0.950000        11254        20.00
   11280.383     0.956250        11329        22.86
   11509.759     0.962500        11406        26.67
   11821.055     0.968750        11476        32.00
   11960.319     0.971875        11513        35.56
   12132.351     0.975000        11551        40.00
   12296.191     0.978125        11587        45.71
   12500.991     0.981250        11625        53.33
   12697.599     0.984375        11662        64.00
   12795.903     0.985938        11680        71.11
   12943.359     0.987500        11698        80.00
   13041.663     0.989062        11717        91.43
   13205.503     0.990625        11735       106.67
   13402.111     0.992188        11754       128.00
   13475.839     0.992969        11763       142.22
   13565.951     0.993750        11772       160.00
   13746.175     0.994531        11782       182.86
   13877.247     0.995313        11791       213.33
   14024.703     0.996094        11800       256.00
   14114.815     0.996484        11805       284.44
   14180.351     0.996875        11809       320.00
   14368.767     0.997266        11814       365.71
   14475.263     0.997656        11819       426.67
   14548.991     0.998047        11823       512.00
   14884.863     0.998242        11826       568.89
   14974.975     0.998437        11828       640.00
   15048.703     0.998633        11830       731.43
   15147.007     0.998828        11833       853.33
   15482.879     0.999023        11835      1024.00
   15507.455     0.999121        11836      1137.78
   15704.063     0.999219        11837      1280.00
   15835.135     0.999316        11838      1462.86
   16236.543     0.999414        11841      1706.67
   16236.543     0.999512        11841      2048.00
   16236.543     0.999561        11841      2275.56
   16326.655     0.999609        11842      2560.00
   16326.655     0.999658        11842      2925.71
   16744.447     0.999707        11843      3413.33
   16809.983     0.999756        11844      4096.00
   16809.983     0.999780        11844      4551.11
   16809.983     0.999805        11844      5120.00
   16809.983     0.999829        11844      5851.43
   17055.743     0.999854        11845      6826.67
   17055.743     0.999878        11845      8192.00
   17055.743     0.999890        11845      9102.22
   17055.743     0.999902        11845     10240.00
   17055.743     0.999915        11845     11702.86
   17072.127     0.999927        11846     13653.33
   17072.127     1.000000        11846          inf
#[Mean    =     5449.654, StdDeviation   =     2708.038]
#[Max     =    17055.744, Total count    =        11846]
#[Buckets =           27, SubBuckets     =         2048]
-----------------------------------------------------------------------
  17778 requests in 30.05s, 3.24MB read
Requests/sec:    591.70  
Transfer/sec:    110.37KB
