Running 30s test @ http://10.111.138.180:8080/wrk2-api/home-timeline/read
  4 threads and 200 connections

  Thread calibration: mean lat.: 1.289ms, rate sampling interval: 10ms
  Thread calibration: mean lat.: 1.377ms, rate sampling interval: 10ms
  Thread calibration: mean lat.: 1.165ms, rate sampling interval: 10ms
  Thread calibration: mean lat.: 1.270ms, rate sampling interval: 10ms

-----------------------------------------------------------------------
Test Results @ http://10.111.138.180:8080/wrk2-api/home-timeline/read 
  Thread Stats   Avg      Stdev     99%   +/- Stdev
    Latency     1.15ms  206.89us   1.83ms   78.09%
    Req/Sec   264.20    168.49   700.00     74.37%
  Latency Distribution (HdrHistogram - Recorded Latency)
 50.000%    1.12ms
 75.000%    1.24ms
 90.000%    1.39ms
 99.000%    1.83ms
 99.900%    2.77ms
 99.990%    3.79ms
 99.999%    4.53ms
100.000%    4.53ms

  Detailed Percentile spectrum:
       Value   Percentile   TotalCount 1/(1-Percentile)

       0.723     0.000000            1         1.00
       0.946     0.100000         2003         1.11
       1.001     0.200000         4000         1.25
       1.043     0.300000         6000         1.43
       1.083     0.400000         8016         1.67
       1.122     0.500000         9999         2.00
       1.143     0.550000        11025         2.22
       1.163     0.600000        11996         2.50
       1.187     0.650000        13031         2.86
       1.212     0.700000        14027         3.33
       1.243     0.750000        15000         4.00
       1.260     0.775000        15511         4.44
       1.279     0.800000        16007         5.00
       1.300     0.825000        16501         5.71
       1.325     0.850000        16998         6.67
       1.355     0.875000        17501         8.00
       1.372     0.887500        17754         8.89
       1.391     0.900000        18002        10.00
       1.410     0.912500        18248        11.43
       1.436     0.925000        18497        13.33
       1.466     0.937500        18750        16.00
       1.483     0.943750        18870        17.78
       1.503     0.950000        18999        20.00
       1.523     0.956250        19124        22.86
       1.550     0.962500        19245        26.67
       1.578     0.968750        19369        32.00
       1.598     0.971875        19435        35.56
       1.620     0.975000        19495        40.00
       1.649     0.978125        19557        45.71
       1.681     0.981250        19621        53.33
       1.710     0.984375        19682        64.00
       1.735     0.985938        19712        71.11
       1.766     0.987500        19744        80.00
       1.803     0.989062        19775        91.43
       1.839     0.990625        19806       106.67
       1.893     0.992188        19837       128.00
       1.933     0.992969        19853       142.22
       1.975     0.993750        19869       160.00
       2.007     0.994531        19884       182.86
       2.036     0.995313        19900       213.33
       2.125     0.996094        19916       256.00
       2.155     0.996484        19923       284.44
       2.201     0.996875        19931       320.00
       2.241     0.997266        19939       365.71
       2.309     0.997656        19947       426.67
       2.391     0.998047        19954       512.00
       2.437     0.998242        19958       568.89
       2.587     0.998437        19962       640.00
       2.631     0.998633        19966       731.43
       2.735     0.998828        19970       853.33
       2.789     0.999023        19974      1024.00
       2.947     0.999121        19976      1137.78
       3.057     0.999219        19978      1280.00
       3.161     0.999316        19980      1462.86
       3.233     0.999414        19982      1706.67
       3.253     0.999512        19984      2048.00
       3.323     0.999561        19985      2275.56
       3.343     0.999609        19986      2560.00
       3.345     0.999658        19987      2925.71
       3.385     0.999707        19988      3413.33
       3.417     0.999756        19989      4096.00
       3.417     0.999780        19989      4551.11
       3.507     0.999805        19990      5120.00
       3.507     0.999829        19990      5851.43
       3.791     0.999854        19991      6826.67
       3.791     0.999878        19991      8192.00
       3.791     0.999890        19991      9102.22
       4.447     0.999902        19992     10240.00
       4.447     0.999915        19992     11702.86
       4.447     0.999927        19992     13653.33
       4.447     0.999939        19992     16384.00
       4.447     0.999945        19992     18204.44
       4.531     0.999951        19993     20480.00
       4.531     1.000000        19993          inf
#[Mean    =        1.154, StdDeviation   =        0.207]
#[Max     =        4.528, Total count    =        19993]
#[Buckets =           27, SubBuckets     =         2048]
-----------------------------------------------------------------------
  29664 requests in 30.01s, 4.95MB read
Requests/sec:    988.52  
Transfer/sec:    168.94KB
