Running 30s test @ http://10.111.138.180:8080/wrk2-api/post/compose
  4 threads and 200 connections

  Thread calibration: mean lat.: 2759.372ms, rate sampling interval: 9224ms
  Thread calibration: mean lat.: 2421.821ms, rate sampling interval: 8351ms
  Thread calibration: mean lat.: 2920.982ms, rate sampling interval: 9109ms
  Thread calibration: mean lat.: 2546.067ms, rate sampling interval: 8585ms

-----------------------------------------------------------------------
Test Results @ http://10.111.138.180:8080/wrk2-api/post/compose 
  Thread Stats   Avg      Stdev     99%   +/- Stdev
    Latency   105.75ms  419.75ms   2.32s    95.09%
    Req/Sec   131.38      8.28   142.00     50.00%
  Latency Distribution (HdrHistogram - Recorded Latency)
 50.000%    9.71ms
 75.000%   12.20ms
 90.000%  119.93ms
 99.000%    2.32s 
 99.900%    3.85s 
 99.990%    5.37s 
 99.999%    5.54s 
100.000%    5.54s 

  Detailed Percentile spectrum:
       Value   Percentile   TotalCount 1/(1-Percentile)

       6.683     0.000000            1         1.00
       7.939     0.100000         1034         1.11
       8.391     0.200000         2079         1.25
       8.783     0.300000         3102         1.43
       9.215     0.400000         4120         1.67
       9.711     0.500000         5165         2.00
      10.023     0.550000         5661         2.22
      10.391     0.600000         6176         2.50
      10.847     0.650000         6694         2.86
      11.383     0.700000         7210         3.33
      12.199     0.750000         7720         4.00
      12.815     0.775000         7976         4.44
      13.703     0.800000         8233         5.00
      14.951     0.825000         8494         5.71
      17.151     0.850000         8748         6.67
      34.207     0.875000         9006         8.00
      67.071     0.887500         9135         8.89
     119.935     0.900000         9262        10.00
     139.263     0.912500         9392        11.43
     203.007     0.925000         9520        13.33
     279.295     0.937500         9649        16.00
     344.575     0.943750         9713        17.78
     499.455     0.950000         9777        20.00
     678.911     0.956250         9841        22.86
     903.679     0.962500         9906        26.67
    1226.751     0.968750         9970        32.00
    1392.639     0.971875        10002        35.56
    1561.599     0.975000        10034        40.00
    1666.047     0.978125        10067        45.71
    1837.055     0.981250        10099        53.33
    1936.383     0.984375        10131        64.00
    1996.799     0.985938        10147        71.11
    2077.695     0.987500        10163        80.00
    2195.455     0.989062        10179        91.43
    2467.839     0.990625        10195       106.67
    2676.735     0.992188        10212       128.00
    2736.127     0.992969        10219       142.22
    2910.207     0.993750        10227       160.00
    3071.999     0.994531        10236       182.86
    3168.255     0.995313        10243       213.33
    3213.311     0.996094        10251       256.00
    3262.463     0.996484        10255       284.44
    3364.863     0.996875        10259       320.00
    3414.015     0.997266        10263       365.71
    3475.455     0.997656        10267       426.67
    3538.943     0.998047        10271       512.00
    3618.815     0.998242        10273       568.89
    3721.215     0.998437        10275       640.00
    3799.039     0.998633        10277       731.43
    3815.423     0.998828        10279       853.33
    3852.287     0.999023        10281      1024.00
    3870.719     0.999121        10282      1137.78
    3948.543     0.999219        10283      1280.00
    4081.663     0.999316        10284      1462.86
    4145.151     0.999414        10285      1706.67
    4427.775     0.999512        10286      2048.00
    4521.983     0.999561        10287      2275.56
    4521.983     0.999609        10287      2560.00
    5189.631     0.999658        10288      2925.71
    5189.631     0.999707        10288      3413.33
    5283.839     0.999756        10289      4096.00
    5283.839     0.999780        10289      4551.11
    5283.839     0.999805        10289      5120.00
    5369.855     0.999829        10290      5851.43
    5369.855     0.999854        10290      6826.67
    5369.855     0.999878        10290      8192.00
    5369.855     0.999890        10290      9102.22
    5369.855     0.999902        10290     10240.00
    5537.791     0.999915        10291     11702.86
    5537.791     1.000000        10291          inf
#[Mean    =      105.747, StdDeviation   =      419.753]
#[Max     =     5533.696, Total count    =        10291]
#[Buckets =           27, SubBuckets     =         2048]
-----------------------------------------------------------------------
  14744 requests in 30.00s, 2.69MB read
  Socket errors: connect 0, read 0, write 0, timeout 19
Requests/sec:    491.46  
Transfer/sec:     91.67KB
