Running 30s test @ http://10.111.138.180:8080/wrk2-api/home-timeline/read
  4 threads and 200 connections

  Thread calibration: mean lat.: 1.579ms, rate sampling interval: 10ms
  Thread calibration: mean lat.: 1.463ms, rate sampling interval: 10ms
  Thread calibration: mean lat.: 1.465ms, rate sampling interval: 10ms
  Thread calibration: mean lat.: 1.497ms, rate sampling interval: 10ms

-----------------------------------------------------------------------
Test Results @ http://10.111.138.180:8080/wrk2-api/home-timeline/read 
  Thread Stats   Avg      Stdev     99%   +/- Stdev
    Latency     1.21ms  201.71us   1.70ms   80.58%
    Req/Sec   131.34    116.81   500.00     58.98%
  Latency Distribution (HdrHistogram - Recorded Latency)
 50.000%    1.20ms
 75.000%    1.30ms
 90.000%    1.42ms
 99.000%    1.70ms
 99.900%    3.29ms
 99.990%    5.84ms
 99.999%    6.15ms
100.000%    6.15ms

  Detailed Percentile spectrum:
       Value   Percentile   TotalCount 1/(1-Percentile)

       0.771     0.000000            1         1.00
       1.014     0.100000          997         1.11
       1.077     0.200000         2016         1.25
       1.120     0.300000         3005         1.43
       1.158     0.400000         3996         1.67
       1.195     0.500000         4995         2.00
       1.212     0.550000         5495         2.22
       1.232     0.600000         6003         2.50
       1.251     0.650000         6470         2.86
       1.273     0.700000         6974         3.33
       1.299     0.750000         7465         4.00
       1.314     0.775000         7714         4.44
       1.330     0.800000         7976         5.00
       1.347     0.825000         8215         5.71
       1.366     0.850000         8469         6.67
       1.388     0.875000         8723         8.00
       1.402     0.887500         8843         8.89
       1.416     0.900000         8967        10.00
       1.431     0.912500         9088        11.43
       1.447     0.925000         9209        13.33
       1.468     0.937500         9334        16.00
       1.480     0.943750         9398        17.78
       1.492     0.950000         9456        20.00
       1.507     0.956250         9519        22.86
       1.525     0.962500         9580        26.67
       1.546     0.968750         9642        32.00
       1.558     0.971875         9677        35.56
       1.569     0.975000         9705        40.00
       1.580     0.978125         9736        45.71
       1.598     0.981250         9767        53.33
       1.620     0.984375         9799        64.00
       1.637     0.985938         9814        71.11
       1.658     0.987500         9829        80.00
       1.683     0.989062         9845        91.43
       1.706     0.990625         9860       106.67
       1.731     0.992188         9878       128.00
       1.750     0.992969         9885       142.22
       1.773     0.993750         9891       160.00
       1.795     0.994531         9899       182.86
       1.887     0.995313         9907       213.33
       2.155     0.996094         9915       256.00
       2.247     0.996484         9919       284.44
       2.261     0.996875         9922       320.00
       2.347     0.997266         9926       365.71
       2.413     0.997656         9931       426.67
       2.593     0.998047         9934       512.00
       2.613     0.998242         9936       568.89
       2.811     0.998437         9938       640.00
       3.107     0.998633         9940       731.43
       3.207     0.998828         9942       853.33
       3.297     0.999023         9944      1024.00
       3.431     0.999121         9945      1137.78
       3.503     0.999219         9946      1280.00
       3.523     0.999316         9947      1462.86
       3.727     0.999414         9948      1706.67
       3.773     0.999512         9949      2048.00
       3.773     0.999561         9949      2275.56
       3.803     0.999609         9950      2560.00
       3.803     0.999658         9950      2925.71
       5.751     0.999707         9951      3413.33
       5.751     0.999756         9951      4096.00
       5.751     0.999780         9951      4551.11
       5.839     0.999805         9952      5120.00
       5.839     0.999829         9952      5851.43
       5.839     0.999854         9952      6826.67
       5.839     0.999878         9952      8192.00
       5.839     0.999890         9952      9102.22
       6.147     0.999902         9953     10240.00
       6.147     1.000000         9953          inf
#[Mean    =        1.212, StdDeviation   =        0.202]
#[Max     =        6.144, Total count    =         9953]
#[Buckets =           27, SubBuckets     =         2048]
-----------------------------------------------------------------------
  14938 requests in 30.03s, 2.49MB read
  Socket errors: connect 0, read 0, write 0, timeout 21
Requests/sec:    497.46  
Transfer/sec:     85.02KB
