Running 30s test @ http://10.111.138.180:8080/wrk2-api/post/compose
  4 threads and 200 connections

  Thread calibration: mean lat.: 3980.901ms, rate sampling interval: 10878ms
  Thread calibration: mean lat.: 4045.784ms, rate sampling interval: 11796ms
  Thread calibration: mean lat.: 3583.031ms, rate sampling interval: 10608ms
  Thread calibration: mean lat.: 4152.328ms, rate sampling interval: 11501ms

-----------------------------------------------------------------------
Test Results @ http://10.111.138.180:8080/wrk2-api/post/compose 
  Thread Stats   Avg      Stdev     99%   +/- Stdev
    Latency     1.14s     1.44s    5.63s    83.51%
    Req/Sec   194.25      2.95   197.00     75.00%
  Latency Distribution (HdrHistogram - Recorded Latency)
 50.000%  461.05ms
 75.000%    1.91s 
 90.000%    3.36s 
 99.000%    5.63s 
 99.900%    6.35s 
 99.990%    6.90s 
 99.999%    7.06s 
100.000%    7.06s 

  Detailed Percentile spectrum:
       Value   Percentile   TotalCount 1/(1-Percentile)

       6.983     0.000000            1         1.00
       9.231     0.100000         1261         1.11
      10.879     0.200000         2522         1.25
      14.079     0.300000         3784         1.43
     150.783     0.400000         5042         1.67
     461.055     0.500000         6302         2.00
     694.783     0.550000         6935         2.22
     964.095     0.600000         7564         2.50
    1253.375     0.650000         8194         2.86
    1551.359     0.700000         8824         3.33
    1912.831     0.750000         9453         4.00
    2115.583     0.775000         9770         4.44
    2277.375     0.800000        10084         5.00
    2504.703     0.825000        10405         5.71
    2723.839     0.850000        10716         6.67
    2988.031     0.875000        11030         8.00
    3166.207     0.887500        11187         8.89
    3358.719     0.900000        11344        10.00
    3571.711     0.912500        11502        11.43
    3784.703     0.925000        11660        13.33
    3997.695     0.937500        11817        16.00
    4145.151     0.943750        11899        17.78
    4276.223     0.950000        11974        20.00
    4411.391     0.956250        12054        22.86
    4546.559     0.962500        12132        26.67
    4718.591     0.968750        12211        32.00
    4800.511     0.971875        12251        35.56
    4935.679     0.975000        12290        40.00
    5070.847     0.978125        12331        45.71
    5214.207     0.981250        12368        53.33
    5369.855     0.984375        12410        64.00
    5423.103     0.985938        12427        71.11
    5500.927     0.987500        12448        80.00
    5558.271     0.989062        12467        91.43
    5660.671     0.990625        12486       106.67
    5742.591     0.992188        12508       128.00
    5783.551     0.992969        12516       142.22
    5849.087     0.993750        12527       160.00
    5894.143     0.994531        12537       182.86
    5922.815     0.995313        12545       213.33
    5980.159     0.996094        12556       256.00
    6000.639     0.996484        12560       284.44
    6017.023     0.996875        12565       320.00
    6070.271     0.997266        12571       365.71
    6107.135     0.997656        12575       426.67
    6152.191     0.998047        12580       512.00
    6160.383     0.998242        12582       568.89
    6172.671     0.998437        12585       640.00
    6201.343     0.998633        12587       731.43
    6320.127     0.998828        12590       853.33
    6352.895     0.999023        12592      1024.00
    6393.855     0.999121        12593      1137.78
    6496.255     0.999219        12595      1280.00
    6569.983     0.999316        12596      1462.86
    6631.423     0.999414        12597      1706.67
    6684.671     0.999512        12598      2048.00
    6717.439     0.999561        12599      2275.56
    6832.127     0.999609        12600      2560.00
    6832.127     0.999658        12600      2925.71
    6868.991     0.999707        12601      3413.33
    6868.991     0.999756        12601      4096.00
    6893.567     0.999780        12602      4551.11
    6893.567     0.999805        12602      5120.00
    6893.567     0.999829        12602      5851.43
    6897.663     0.999854        12603      6826.67
    6897.663     0.999878        12603      8192.00
    6897.663     0.999890        12603      9102.22
    6897.663     0.999902        12603     10240.00
    6897.663     0.999915        12603     11702.86
    7061.503     0.999927        12604     13653.33
    7061.503     1.000000        12604          inf
#[Mean    =     1141.916, StdDeviation   =     1440.310]
#[Max     =     7057.408, Total count    =        12604]
#[Buckets =           27, SubBuckets     =         2048]
-----------------------------------------------------------------------
  16458 requests in 30.00s, 3.00MB read
  Socket errors: connect 0, read 0, write 0, timeout 5
Requests/sec:    548.62  
Transfer/sec:    102.34KB
