Running 30s test @ http://10.111.138.180:8080/wrk2-api/home-timeline/read
  4 threads and 200 connections

  Thread calibration: mean lat.: 1.738ms, rate sampling interval: 10ms
  Thread calibration: mean lat.: 1.943ms, rate sampling interval: 10ms
  Thread calibration: mean lat.: 1.530ms, rate sampling interval: 10ms
  Thread calibration: mean lat.: 1.761ms, rate sampling interval: 10ms

-----------------------------------------------------------------------
Test Results @ http://10.111.138.180:8080/wrk2-api/home-timeline/read 
  Thread Stats   Avg      Stdev     99%   +/- Stdev
    Latency     1.21ms  209.63us   1.78ms   80.08%
    Req/Sec   156.77    129.57   555.00     58.57%
  Latency Distribution (HdrHistogram - Recorded Latency)
 50.000%    1.18ms
 75.000%    1.30ms
 90.000%    1.42ms
 99.000%    1.78ms
 99.900%    3.23ms
 99.990%    5.19ms
 99.999%    5.47ms
100.000%    5.47ms

  Detailed Percentile spectrum:
       Value   Percentile   TotalCount 1/(1-Percentile)

       0.702     0.000000            1         1.00
       1.002     0.100000         1195         1.11
       1.062     0.200000         2393         1.25
       1.106     0.300000         3583         1.43
       1.146     0.400000         4759         1.67
       1.184     0.500000         5956         2.00
       1.203     0.550000         6547         2.22
       1.223     0.600000         7135         2.50
       1.247     0.650000         7732         2.86
       1.272     0.700000         8314         3.33
       1.301     0.750000         8913         4.00
       1.318     0.775000         9220         4.44
       1.335     0.800000         9520         5.00
       1.352     0.825000         9806         5.71
       1.372     0.850000        10103         6.67
       1.397     0.875000        10407         8.00
       1.410     0.887500        10546         8.89
       1.423     0.900000        10692        10.00
       1.440     0.912500        10841        11.43
       1.459     0.925000        10990        13.33
       1.482     0.937500        11135        16.00
       1.500     0.943750        11211        17.78
       1.516     0.950000        11285        20.00
       1.536     0.956250        11357        22.86
       1.557     0.962500        11435        26.67
       1.584     0.968750        11506        32.00
       1.594     0.971875        11543        35.56
       1.610     0.975000        11580        40.00
       1.629     0.978125        11618        45.71
       1.645     0.981250        11654        53.33
       1.677     0.984375        11691        64.00
       1.701     0.985938        11710        71.11
       1.721     0.987500        11728        80.00
       1.758     0.989062        11747        91.43
       1.812     0.990625        11765       106.67
       1.892     0.992188        11784       128.00
       1.958     0.992969        11793       142.22
       2.009     0.993750        11803       160.00
       2.085     0.994531        11812       182.86
       2.183     0.995313        11821       213.33
       2.297     0.996094        11831       256.00
       2.343     0.996484        11835       284.44
       2.379     0.996875        11839       320.00
       2.439     0.997266        11844       365.71
       2.553     0.997656        11849       426.67
       2.775     0.998047        11853       512.00
       2.935     0.998242        11856       568.89
       3.017     0.998437        11858       640.00
       3.049     0.998633        11860       731.43
       3.213     0.998828        11863       853.33
       3.243     0.999023        11865      1024.00
       3.273     0.999121        11866      1137.78
       3.301     0.999219        11867      1280.00
       3.367     0.999316        11868      1462.86
       3.433     0.999414        11870      1706.67
       3.457     0.999512        11871      2048.00
       3.457     0.999561        11871      2275.56
       3.619     0.999609        11872      2560.00
       3.619     0.999658        11872      2925.71
       3.737     0.999707        11873      3413.33
       5.023     0.999756        11874      4096.00
       5.023     0.999780        11874      4551.11
       5.023     0.999805        11874      5120.00
       5.023     0.999829        11874      5851.43
       5.191     0.999854        11875      6826.67
       5.191     0.999878        11875      8192.00
       5.191     0.999890        11875      9102.22
       5.191     0.999902        11875     10240.00
       5.191     0.999915        11875     11702.86
       5.475     0.999927        11876     13653.33
       5.475     1.000000        11876          inf
#[Mean    =        1.209, StdDeviation   =        0.210]
#[Max     =        5.472, Total count    =        11876]
#[Buckets =           27, SubBuckets     =         2048]
-----------------------------------------------------------------------
  17853 requests in 30.02s, 2.98MB read
  Socket errors: connect 0, read 0, write 0, timeout 5
Requests/sec:    594.78  
Transfer/sec:    101.65KB
