Running 30s test @ http://10.111.138.180:8080/wrk2-api/post/compose
  4 threads and 200 connections

  Thread calibration: mean lat.: 2726.537ms, rate sampling interval: 8339ms
  Thread calibration: mean lat.: 1791.305ms, rate sampling interval: 5922ms
  Thread calibration: mean lat.: 2718.020ms, rate sampling interval: 8503ms
  Thread calibration: mean lat.: 2728.622ms, rate sampling interval: 8048ms

-----------------------------------------------------------------------
Test Results @ http://10.111.138.180:8080/wrk2-api/post/compose 
  Thread Stats   Avg      Stdev     99%   +/- Stdev
    Latency     1.08s     1.32s    5.07s    82.71%
    Req/Sec   158.33     49.60   212.00     55.56%
  Latency Distribution (HdrHistogram - Recorded Latency)
 50.000%  440.32ms
 75.000%    1.76s 
 90.000%    3.18s 
 99.000%    5.07s 
 99.900%    6.00s 
 99.990%    6.49s 
 99.999%    6.91s 
100.000%    6.91s 

  Detailed Percentile spectrum:
       Value   Percentile   TotalCount 1/(1-Percentile)

       7.147     0.000000            1         1.00
      10.887     0.100000         1192         1.11
      15.407     0.200000         2379         1.25
     102.015     0.300000         3568         1.43
     197.375     0.400000         4757         1.67
     440.319     0.500000         5946         2.00
     624.127     0.550000         6541         2.22
     859.135     0.600000         7136         2.50
    1133.567     0.650000         7730         2.86
    1432.575     0.700000         8325         3.33
    1763.327     0.750000         8919         4.00
    1952.767     0.775000         9216         4.44
    2168.831     0.800000         9516         5.00
    2381.823     0.825000         9812         5.71
    2641.919     0.850000        10109         6.67
    2906.111     0.875000        10408         8.00
    3041.279     0.887500        10556         8.89
    3182.591     0.900000        10703        10.00
    3362.815     0.912500        10851        11.43
    3516.415     0.925000        11001        13.33
    3710.975     0.937500        11150        16.00
    3815.423     0.943750        11225        17.78
    3911.679     0.950000        11297        20.00
    4030.463     0.956250        11371        22.86
    4161.535     0.962500        11447        26.67
    4292.607     0.968750        11520        32.00
    4378.623     0.971875        11557        35.56
    4464.639     0.975000        11594        40.00
    4579.327     0.978125        11632        45.71
    4702.207     0.981250        11669        53.33
    4829.183     0.984375        11706        64.00
    4874.239     0.985938        11724        71.11
    4935.679     0.987500        11744        80.00
    5025.791     0.989062        11761        91.43
    5103.615     0.990625        11781       106.67
    5189.631     0.992188        11799       128.00
    5242.879     0.992969        11808       142.22
    5275.647     0.993750        11817       160.00
    5337.087     0.994531        11827       182.86
    5382.143     0.995313        11837       213.33
    5431.295     0.996094        11845       256.00
    5464.063     0.996484        11851       284.44
    5505.023     0.996875        11854       320.00
    5525.503     0.997266        11859       365.71
    5627.903     0.997656        11864       426.67
    5652.479     0.998047        11868       512.00
    5718.015     0.998242        11871       568.89
    5877.759     0.998437        11873       640.00
    5951.487     0.998633        11875       731.43
    5984.255     0.998828        11878       853.33
    6008.831     0.999023        11881      1024.00
    6008.831     0.999121        11881      1137.78
    6049.791     0.999219        11882      1280.00
    6070.271     0.999316        11883      1462.86
    6123.519     0.999414        11885      1706.67
    6164.479     0.999512        11886      2048.00
    6164.479     0.999561        11886      2275.56
    6205.439     0.999609        11887      2560.00
    6205.439     0.999658        11887      2925.71
    6295.551     0.999707        11888      3413.33
    6393.855     0.999756        11889      4096.00
    6393.855     0.999780        11889      4551.11
    6393.855     0.999805        11889      5120.00
    6393.855     0.999829        11889      5851.43
    6492.159     0.999854        11890      6826.67
    6492.159     0.999878        11890      8192.00
    6492.159     0.999890        11890      9102.22
    6492.159     0.999902        11890     10240.00
    6492.159     0.999915        11890     11702.86
    6909.951     0.999927        11891     13653.33
    6909.951     1.000000        11891          inf
#[Mean    =     1076.290, StdDeviation   =     1323.995]
#[Max     =     6905.856, Total count    =        11891]
#[Buckets =           27, SubBuckets     =         2048]
-----------------------------------------------------------------------
  17478 requests in 30.05s, 3.18MB read
  Socket errors: connect 0, read 0, write 0, timeout 3
Requests/sec:    581.73  
Transfer/sec:    108.51KB
