Running 30s test @ http://10.111.138.180:8080/wrk2-api/home-timeline/read
  4 threads and 200 connections

  Thread calibration: mean lat.: 4.191ms, rate sampling interval: 10ms
  Thread calibration: mean lat.: 3.212ms, rate sampling interval: 10ms
  Thread calibration: mean lat.: 3.454ms, rate sampling interval: 10ms
  Thread calibration: mean lat.: 3.926ms, rate sampling interval: 10ms

-----------------------------------------------------------------------
Test Results @ http://10.111.138.180:8080/wrk2-api/home-timeline/read 
  Thread Stats   Avg      Stdev     99%   +/- Stdev
    Latency     1.20ms  225.31us   1.81ms   81.84%
    Req/Sec   181.64    138.48   555.00     65.43%
  Latency Distribution (HdrHistogram - Recorded Latency)
 50.000%    1.17ms
 75.000%    1.29ms
 90.000%    1.43ms
 99.000%    1.81ms
 99.900%    3.39ms
 99.990%    5.45ms
 99.999%    6.52ms
100.000%    6.52ms

  Detailed Percentile spectrum:
       Value   Percentile   TotalCount 1/(1-Percentile)

       0.701     0.000000            1         1.00
       0.993     0.100000         1393         1.11
       1.051     0.200000         2789         1.25
       1.095     0.300000         4155         1.43
       1.135     0.400000         5515         1.67
       1.175     0.500000         6893         2.00
       1.194     0.550000         7574         2.22
       1.216     0.600000         8254         2.50
       1.240     0.650000         8963         2.86
       1.265     0.700000         9631         3.33
       1.295     0.750000        10339         4.00
       1.312     0.775000        10674         4.44
       1.329     0.800000        11006         5.00
       1.351     0.825000        11360         5.71
       1.374     0.850000        11703         6.67
       1.400     0.875000        12051         8.00
       1.413     0.887500        12213         8.89
       1.429     0.900000        12379        10.00
       1.447     0.912500        12556        11.43
       1.467     0.925000        12728        13.33
       1.489     0.937500        12895        16.00
       1.503     0.943750        12983        17.78
       1.519     0.950000        13068        20.00
       1.537     0.956250        13159        22.86
       1.559     0.962500        13240        26.67
       1.587     0.968750        13326        32.00
       1.602     0.971875        13368        35.56
       1.621     0.975000        13413        40.00
       1.648     0.978125        13456        45.71
       1.671     0.981250        13497        53.33
       1.703     0.984375        13540        64.00
       1.723     0.985938        13561        71.11
       1.745     0.987500        13584        80.00
       1.780     0.989062        13604        91.43
       1.847     0.990625        13626       106.67
       1.946     0.992188        13648       128.00
       1.992     0.992969        13658       142.22
       2.067     0.993750        13670       160.00
       2.117     0.994531        13679       182.86
       2.215     0.995313        13691       213.33
       2.387     0.996094        13701       256.00
       2.415     0.996484        13706       284.44
       2.563     0.996875        13712       320.00
       2.727     0.997266        13717       365.71
       2.823     0.997656        13722       426.67
       2.997     0.998047        13728       512.00
       3.001     0.998242        13730       568.89
       3.151     0.998437        13733       640.00
       3.305     0.998633        13736       731.43
       3.315     0.998828        13738       853.33
       3.409     0.999023        13741      1024.00
       3.431     0.999121        13742      1137.78
       3.523     0.999219        13744      1280.00
       3.561     0.999316        13745      1462.86
       3.641     0.999414        13746      1706.67
       3.827     0.999512        13748      2048.00
       3.827     0.999561        13748      2275.56
       3.983     0.999609        13749      2560.00
       5.227     0.999658        13750      2925.71
       5.227     0.999707        13750      3413.33
       5.247     0.999756        13751      4096.00
       5.247     0.999780        13751      4551.11
       5.443     0.999805        13752      5120.00
       5.443     0.999829        13752      5851.43
       5.443     0.999854        13752      6826.67
       5.451     0.999878        13753      8192.00
       5.451     0.999890        13753      9102.22
       5.451     0.999902        13753     10240.00
       5.451     0.999915        13753     11702.86
       5.451     0.999927        13753     13653.33
       6.523     0.999939        13754     16384.00
       6.523     1.000000        13754          inf
#[Mean    =        1.204, StdDeviation   =        0.225]
#[Max     =        6.520, Total count    =        13754]
#[Buckets =           27, SubBuckets     =         2048]
-----------------------------------------------------------------------
  20719 requests in 30.01s, 3.46MB read
  Socket errors: connect 0, read 0, write 0, timeout 3
Requests/sec:    690.48  
Transfer/sec:    118.00KB
