Running 30s test @ http://10.111.138.180:8080/wrk2-api/home-timeline/read
  4 threads and 200 connections

  Thread calibration: mean lat.: 1.685ms, rate sampling interval: 10ms
  Thread calibration: mean lat.: 1.558ms, rate sampling interval: 10ms
  Thread calibration: mean lat.: 1.460ms, rate sampling interval: 10ms
  Thread calibration: mean lat.: 1.501ms, rate sampling interval: 10ms

-----------------------------------------------------------------------
Test Results @ http://10.111.138.180:8080/wrk2-api/home-timeline/read 
  Thread Stats   Avg      Stdev     99%   +/- Stdev
    Latency     1.17ms  217.71us   1.83ms   81.34%
    Req/Sec   209.71    150.74   600.00     71.19%
  Latency Distribution (HdrHistogram - Recorded Latency)
 50.000%    1.15ms
 75.000%    1.26ms
 90.000%    1.39ms
 99.000%    1.83ms
 99.900%    3.37ms
 99.990%    4.49ms
 99.999%    5.36ms
100.000%    5.36ms

  Detailed Percentile spectrum:
       Value   Percentile   TotalCount 1/(1-Percentile)

       0.746     0.000000            2         1.00
       0.966     0.100000         1591         1.11
       1.024     0.200000         3185         1.25
       1.068     0.300000         4797         1.43
       1.107     0.400000         6363         1.67
       1.146     0.500000         7967         2.00
       1.165     0.550000         8738         2.22
       1.187     0.600000         9538         2.50
       1.208     0.650000        10339         2.86
       1.232     0.700000        11120         3.33
       1.262     0.750000        11932         4.00
       1.278     0.775000        12311         4.44
       1.296     0.800000        12719         5.00
       1.316     0.825000        13103         5.71
       1.337     0.850000        13500         6.67
       1.365     0.875000        13900         8.00
       1.379     0.887500        14096         8.89
       1.395     0.900000        14291        10.00
       1.414     0.912500        14487        11.43
       1.434     0.925000        14689        13.33
       1.459     0.937500        14881        16.00
       1.474     0.943750        14983        17.78
       1.491     0.950000        15079        20.00
       1.511     0.956250        15187        22.86
       1.529     0.962500        15281        26.67
       1.559     0.968750        15377        32.00
       1.575     0.971875        15426        35.56
       1.599     0.975000        15478        40.00
       1.617     0.978125        15526        45.71
       1.646     0.981250        15575        53.33
       1.688     0.984375        15624        64.00
       1.718     0.985938        15651        71.11
       1.751     0.987500        15675        80.00
       1.795     0.989062        15699        91.43
       1.858     0.990625        15724       106.67
       1.953     0.992188        15748       128.00
       2.011     0.992969        15761       142.22
       2.095     0.993750        15773       160.00
       2.155     0.994531        15786       182.86
       2.233     0.995313        15798       213.33
       2.311     0.996094        15810       256.00
       2.353     0.996484        15817       284.44
       2.395     0.996875        15823       320.00
       2.533     0.997266        15829       365.71
       2.565     0.997656        15835       426.67
       2.719     0.998047        15841       512.00
       2.997     0.998242        15845       568.89
       3.137     0.998437        15849       640.00
       3.195     0.998633        15851       731.43
       3.325     0.998828        15854       853.33
       3.387     0.999023        15857      1024.00
       3.465     0.999121        15859      1137.78
       3.539     0.999219        15860      1280.00
       3.705     0.999316        15862      1462.86
       3.851     0.999414        15863      1706.67
       3.945     0.999512        15865      2048.00
       4.089     0.999561        15866      2275.56
       4.089     0.999609        15866      2560.00
       4.143     0.999658        15867      2925.71
       4.323     0.999707        15868      3413.33
       4.447     0.999756        15869      4096.00
       4.447     0.999780        15869      4551.11
       4.447     0.999805        15869      5120.00
       4.495     0.999829        15870      5851.43
       4.495     0.999854        15870      6826.67
       4.651     0.999878        15871      8192.00
       4.651     0.999890        15871      9102.22
       4.651     0.999902        15871     10240.00
       4.651     0.999915        15871     11702.86
       4.651     0.999927        15871     13653.33
       5.363     0.999939        15872     16384.00
       5.363     1.000000        15872          inf
#[Mean    =        1.174, StdDeviation   =        0.218]
#[Max     =        5.360, Total count    =        15872]
#[Buckets =           27, SubBuckets     =         2048]
-----------------------------------------------------------------------
  23845 requests in 30.00s, 3.98MB read
Requests/sec:    794.71  
Transfer/sec:    135.82KB
