Running 30s test @ http://10.111.138.180:8080/wrk2-api/post/compose
  4 threads and 200 connections

  Thread calibration: mean lat.: 3081.859ms, rate sampling interval: 8691ms
  Thread calibration: mean lat.: 2731.169ms, rate sampling interval: 8146ms
  Thread calibration: mean lat.: 2790.884ms, rate sampling interval: 7745ms
  Thread calibration: mean lat.: 2896.432ms, rate sampling interval: 8237ms

-----------------------------------------------------------------------
Test Results @ http://10.111.138.180:8080/wrk2-api/post/compose 
  Thread Stats   Avg      Stdev     99%   +/- Stdev
    Latency     2.77s     2.01s    8.61s    66.78%
    Req/Sec   162.25     61.21   230.00     62.50%
  Latency Distribution (HdrHistogram - Recorded Latency)
 50.000%    2.43s 
 75.000%    3.93s 
 90.000%    5.60s 
 99.000%    8.61s 
 99.900%   10.46s 
 99.990%   11.46s 
 99.999%   11.66s 
100.000%   11.66s 

  Detailed Percentile spectrum:
       Value   Percentile   TotalCount 1/(1-Percentile)

     182.143     0.000000            1         1.00
     454.143     0.100000         1193         1.11
     890.879     0.200000         2384         1.25
    1417.215     0.300000         3579         1.43
    1924.095     0.400000         4769         1.67
    2433.023     0.500000         5960         2.00
    2678.783     0.550000         6555         2.22
    2934.783     0.600000         7154         2.50
    3188.735     0.650000         7747         2.86
    3530.751     0.700000         8346         3.33
    3934.207     0.750000         8940         4.00
    4136.959     0.775000         9237         4.44
    4390.911     0.800000         9536         5.00
    4657.151     0.825000         9840         5.71
    4911.103     0.850000        10132         6.67
    5226.495     0.875000        10431         8.00
    5402.623     0.887500        10579         8.89
    5595.135     0.900000        10726        10.00
    5836.799     0.912500        10879        11.43
    6107.135     0.925000        11028        13.33
    6389.759     0.937500        11175        16.00
    6537.215     0.943750        11247        17.78
    6750.207     0.950000        11323        20.00
    6959.103     0.956250        11396        22.86
    7176.191     0.962500        11471        26.67
    7389.183     0.968750        11546        32.00
    7516.159     0.971875        11584        35.56
    7639.039     0.975000        11620        40.00
    7811.071     0.978125        11657        45.71
    7962.623     0.981250        11694        53.33
    8187.903     0.984375        11732        64.00
    8278.015     0.985938        11753        71.11
    8396.799     0.987500        11770        80.00
    8527.871     0.989062        11787        91.43
    8675.327     0.990625        11807       106.67
    8839.167     0.992188        11824       128.00
    8953.855     0.992969        11834       142.22
    9027.583     0.993750        11843       160.00
    9183.231     0.994531        11852       182.86
    9314.303     0.995313        11862       213.33
    9494.527     0.996094        11871       256.00
    9609.215     0.996484        11876       284.44
    9715.711     0.996875        11881       320.00
    9773.055     0.997266        11885       365.71
    9879.551     0.997656        11891       426.67
    9961.471     0.998047        11894       512.00
   10125.311     0.998242        11897       568.89
   10248.191     0.998437        11899       640.00
   10305.535     0.998633        11901       731.43
   10444.799     0.998828        11904       853.33
   10461.183     0.999023        11906      1024.00
   10674.175     0.999121        11907      1137.78
   10698.751     0.999219        11908      1280.00
   10829.823     0.999316        11909      1462.86
   11018.239     0.999414        11911      1706.67
   11034.623     0.999512        11912      2048.00
   11034.623     0.999561        11912      2275.56
   11051.007     0.999609        11913      2560.00
   11051.007     0.999658        11913      2925.71
   11100.159     0.999707        11914      3413.33
   11239.423     0.999756        11915      4096.00
   11239.423     0.999780        11915      4551.11
   11239.423     0.999805        11915      5120.00
   11239.423     0.999829        11915      5851.43
   11460.607     0.999854        11916      6826.67
   11460.607     0.999878        11916      8192.00
   11460.607     0.999890        11916      9102.22
   11460.607     0.999902        11916     10240.00
   11460.607     0.999915        11916     11702.86
   11657.215     0.999927        11917     13653.33
   11657.215     1.000000        11917          inf
#[Mean    =     2774.607, StdDeviation   =     2014.036]
#[Max     =    11649.024, Total count    =        11917]
#[Buckets =           27, SubBuckets     =         2048]
-----------------------------------------------------------------------
  17836 requests in 30.01s, 3.25MB read
Requests/sec:    594.40  
Transfer/sec:    110.87KB
