Running 30s test @ http://10.111.138.180:8080/wrk2-api/home-timeline/read
  4 threads and 200 connections

  Thread calibration: mean lat.: 3.393ms, rate sampling interval: 10ms
  Thread calibration: mean lat.: 3.417ms, rate sampling interval: 10ms
  Thread calibration: mean lat.: 3.102ms, rate sampling interval: 10ms
  Thread calibration: mean lat.: 2.933ms, rate sampling interval: 10ms

-----------------------------------------------------------------------
Test Results @ http://10.111.138.180:8080/wrk2-api/home-timeline/read 
  Thread Stats   Avg      Stdev     99%   +/- Stdev
    Latency     1.16ms  214.68us   1.81ms   79.70%
    Req/Sec   235.66    158.15   666.00     69.47%
  Latency Distribution (HdrHistogram - Recorded Latency)
 50.000%    1.13ms
 75.000%    1.25ms
 90.000%    1.39ms
 99.000%    1.81ms
 99.900%    3.24ms
 99.990%    4.47ms
 99.999%    4.78ms
100.000%    4.78ms

  Detailed Percentile spectrum:
       Value   Percentile   TotalCount 1/(1-Percentile)

       0.692     0.000000            1         1.00
       0.949     0.100000         1786         1.11
       1.007     0.200000         3586         1.25
       1.051     0.300000         5384         1.43
       1.090     0.400000         7172         1.67
       1.128     0.500000         8927         2.00
       1.148     0.550000         9824         2.22
       1.170     0.600000        10747         2.50
       1.192     0.650000        11632         2.86
       1.218     0.700000        12522         3.33
       1.247     0.750000        13392         4.00
       1.264     0.775000        13834         4.44
       1.285     0.800000        14289         5.00
       1.307     0.825000        14730         5.71
       1.331     0.850000        15184         6.67
       1.359     0.875000        15630         8.00
       1.374     0.887500        15853         8.89
       1.390     0.900000        16071        10.00
       1.408     0.912500        16291        11.43
       1.430     0.925000        16521        13.33
       1.459     0.937500        16739        16.00
       1.473     0.943750        16853        17.78
       1.488     0.950000        16960        20.00
       1.510     0.956250        17070        22.86
       1.534     0.962500        17182        26.67
       1.562     0.968750        17292        32.00
       1.581     0.971875        17349        35.56
       1.600     0.975000        17403        40.00
       1.620     0.978125        17459        45.71
       1.646     0.981250        17515        53.33
       1.690     0.984375        17572        64.00
       1.708     0.985938        17599        71.11
       1.736     0.987500        17627        80.00
       1.769     0.989062        17654        91.43
       1.837     0.990625        17682       106.67
       1.919     0.992188        17710       128.00
       1.975     0.992969        17724       142.22
       2.021     0.993750        17738       160.00
       2.065     0.994531        17753       182.86
       2.141     0.995313        17766       213.33
       2.227     0.996094        17780       256.00
       2.265     0.996484        17787       284.44
       2.313     0.996875        17794       320.00
       2.379     0.997266        17802       365.71
       2.493     0.997656        17808       426.67
       2.695     0.998047        17815       512.00
       2.799     0.998242        17818       568.89
       2.957     0.998437        17822       640.00
       3.005     0.998633        17825       731.43
       3.065     0.998828        17829       853.33
       3.287     0.999023        17832      1024.00
       3.329     0.999121        17834      1137.78
       3.365     0.999219        17836      1280.00
       3.425     0.999316        17837      1462.86
       3.575     0.999414        17839      1706.67
       3.685     0.999512        17841      2048.00
       3.761     0.999561        17842      2275.56
       3.835     0.999609        17843      2560.00
       3.835     0.999658        17843      2925.71
       3.991     0.999707        17844      3413.33
       4.327     0.999756        17845      4096.00
       4.415     0.999780        17846      4551.11
       4.415     0.999805        17846      5120.00
       4.415     0.999829        17846      5851.43
       4.467     0.999854        17847      6826.67
       4.467     0.999878        17847      8192.00
       4.579     0.999890        17848      9102.22
       4.579     0.999902        17848     10240.00
       4.579     0.999915        17848     11702.86
       4.579     0.999927        17848     13653.33
       4.579     0.999939        17848     16384.00
       4.783     0.999945        17849     18204.44
       4.783     1.000000        17849          inf
#[Mean    =        1.160, StdDeviation   =        0.215]
#[Max     =        4.780, Total count    =        17849]
#[Buckets =           27, SubBuckets     =         2048]
-----------------------------------------------------------------------
  26826 requests in 30.00s, 4.48MB read
Requests/sec:    894.08  
Transfer/sec:    152.80KB
