Running 30s test @ http://10.111.138.180:8080/wrk2-api/post/compose
  4 threads and 200 connections

  Thread calibration: mean lat.: 3169.274ms, rate sampling interval: 8364ms
  Thread calibration: mean lat.: 3165.479ms, rate sampling interval: 8445ms
  Thread calibration: mean lat.: 3109.363ms, rate sampling interval: 8536ms
  Thread calibration: mean lat.: 3090.976ms, rate sampling interval: 8216ms

-----------------------------------------------------------------------
Test Results @ http://10.111.138.180:8080/wrk2-api/post/compose 
  Thread Stats   Avg      Stdev     99%   +/- Stdev
    Latency     4.28s     2.57s   11.89s    70.85%
    Req/Sec   158.25     59.52   219.00     62.50%
  Latency Distribution (HdrHistogram - Recorded Latency)
 50.000%    3.85s 
 75.000%    5.52s 
 90.000%    7.94s 
 99.000%   11.89s 
 99.900%   13.66s 
 99.990%   15.84s 
 99.999%   16.25s 
100.000%   16.25s 

  Detailed Percentile spectrum:
       Value   Percentile   TotalCount 1/(1-Percentile)

     203.519     0.000000            1         1.00
    1262.591     0.100000         1174         1.11
    2170.879     0.200000         2349         1.25
    2834.431     0.300000         3521         1.43
    3360.767     0.400000         4693         1.67
    3848.191     0.500000         5866         2.00
    4112.383     0.550000         6455         2.22
    4395.007     0.600000         7048         2.50
    4694.015     0.650000         7626         2.86
    5070.847     0.700000         8221         3.33
    5517.311     0.750000         8800         4.00
    5816.319     0.775000         9094         4.44
    6098.943     0.800000         9386         5.00
    6455.295     0.825000         9680         5.71
    6860.799     0.850000         9977         6.67
    7364.607     0.875000        10266         8.00
    7614.463     0.887500        10414         8.89
    7942.143     0.900000        10559        10.00
    8249.343     0.912500        10706        11.43
    8626.175     0.925000        10857        13.33
    8994.815     0.937500        10999        16.00
    9265.151     0.943750        11078        17.78
    9535.487     0.950000        11149        20.00
    9756.671     0.956250        11219        22.86
   10035.199     0.962500        11294        26.67
   10387.455     0.968750        11366        32.00
   10518.527     0.971875        11404        35.56
   10715.135     0.975000        11441        40.00
   10928.127     0.978125        11477        45.71
   11124.735     0.981250        11513        53.33
   11378.687     0.984375        11550        64.00
   11526.143     0.985938        11568        71.11
   11689.983     0.987500        11587        80.00
   11821.055     0.989062        11605        91.43
   11960.319     0.990625        11623       106.67
   12148.735     0.992188        11641       128.00
   12255.231     0.992969        11650       142.22
   12419.071     0.993750        11659       160.00
   12476.415     0.994531        11668       182.86
   12640.255     0.995313        11679       213.33
   12812.287     0.996094        11687       256.00
   12886.015     0.996484        11692       284.44
   12951.551     0.996875        11696       320.00
   13058.047     0.997266        11700       365.71
   13205.503     0.997656        11705       426.67
   13418.495     0.998047        11710       512.00
   13484.031     0.998242        11712       568.89
   13533.183     0.998437        11714       640.00
   13598.719     0.998633        11716       731.43
   13664.255     0.998828        11720       853.33
   13737.983     0.999023        11721      1024.00
   13746.175     0.999121        11722      1137.78
   13778.943     0.999219        11723      1280.00
   13975.551     0.999316        11724      1462.86
   14139.391     0.999414        11726      1706.67
   14483.455     0.999512        11727      2048.00
   14483.455     0.999561        11727      2275.56
   14508.031     0.999609        11728      2560.00
   14508.031     0.999658        11728      2925.71
   14802.943     0.999707        11729      3413.33
   15237.119     0.999756        11730      4096.00
   15237.119     0.999780        11730      4551.11
   15237.119     0.999805        11730      5120.00
   15237.119     0.999829        11730      5851.43
   15835.135     0.999854        11731      6826.67
   15835.135     0.999878        11731      8192.00
   15835.135     0.999890        11731      9102.22
   15835.135     0.999902        11731     10240.00
   15835.135     0.999915        11731     11702.86
   16252.927     0.999927        11732     13653.33
   16252.927     1.000000        11732          inf
#[Mean    =     4277.218, StdDeviation   =     2573.738]
#[Max     =    16244.736, Total count    =        11732]
#[Buckets =           27, SubBuckets     =         2048]
-----------------------------------------------------------------------
  17794 requests in 30.04s, 3.24MB read
Requests/sec:    592.26  
Transfer/sec:    110.47KB
