Running 30s test @ http://10.111.138.180:8080/wrk2-api/post/compose
  4 threads and 200 connections

  Thread calibration: mean lat.: 1631.199ms, rate sampling interval: 5484ms
  Thread calibration: mean lat.: 1536.907ms, rate sampling interval: 5038ms
  Thread calibration: mean lat.: 1362.548ms, rate sampling interval: 4907ms
  Thread calibration: mean lat.: 1488.785ms, rate sampling interval: 5193ms

-----------------------------------------------------------------------
Test Results @ http://10.111.138.180:8080/wrk2-api/post/compose 
  Thread Stats   Avg      Stdev     99%   +/- Stdev
    Latency     4.02s     3.09s   12.14s    69.14%
    Req/Sec   143.38     58.03   229.00     69.23%
  Latency Distribution (HdrHistogram - Recorded Latency)
 50.000%    3.07s 
 75.000%    5.96s 
 90.000%    8.92s 
 99.000%   12.14s 
 99.900%   14.79s 
 99.990%   15.67s 
 99.999%   15.69s 
100.000%   15.69s 

  Detailed Percentile spectrum:
       Value   Percentile   TotalCount 1/(1-Percentile)

     191.871     0.000000            1         1.00
     825.855     0.100000         1080         1.11
    1339.391     0.200000         2162         1.25
    1847.295     0.300000         3241         1.43
    2445.311     0.400000         4326         1.67
    3065.855     0.500000         5400         2.00
    3393.535     0.550000         5945         2.22
    3801.087     0.600000         6482         2.50
    4366.335     0.650000         7024         2.86
    5119.999     0.700000         7561         3.33
    5959.679     0.750000         8101         4.00
    6422.527     0.775000         8371         4.44
    6881.279     0.800000         8641         5.00
    7360.511     0.825000         8911         5.71
    7876.607     0.850000         9180         6.67
    8376.319     0.875000         9450         8.00
    8642.559     0.887500         9586         8.89
    8921.087     0.900000         9724        10.00
    9199.615     0.912500         9859        11.43
    9519.103     0.925000         9990        13.33
    9871.359     0.937500        10126        16.00
   10043.391     0.943750        10195        17.78
   10256.383     0.950000        10267        20.00
   10444.799     0.956250        10330        22.86
   10633.215     0.962500        10395        26.67
   10878.975     0.968750        10464        32.00
   11018.239     0.971875        10499        35.56
   11157.503     0.975000        10533        40.00
   11313.151     0.978125        10564        45.71
   11517.951     0.981250        10599        53.33
   11706.367     0.984375        10634        64.00
   11829.247     0.985938        10649        71.11
   11935.743     0.987500        10666        80.00
   12075.007     0.989062        10682        91.43
   12173.311     0.990625        10699       106.67
   12328.959     0.992188        10716       128.00
   12427.263     0.992969        10725       142.22
   12599.295     0.993750        10733       160.00
   12738.559     0.994531        10742       182.86
   12828.671     0.995313        10750       213.33
   13017.087     0.996094        10758       256.00
   13246.463     0.996484        10763       284.44
   13369.343     0.996875        10767       320.00
   13484.031     0.997266        10771       365.71
   13754.367     0.997656        10775       426.67
   13975.551     0.998047        10779       512.00
   14352.383     0.998242        10782       568.89
   14385.151     0.998437        10784       640.00
   14467.071     0.998633        10786       731.43
   14630.911     0.998828        10788       853.33
   14901.247     0.999023        10790      1024.00
   14942.207     0.999121        10791      1137.78
   14950.399     0.999219        10792      1280.00
   15007.743     0.999316        10793      1462.86
   15073.279     0.999414        10794      1706.67
   15302.655     0.999512        10795      2048.00
   15319.039     0.999561        10796      2275.56
   15319.039     0.999609        10796      2560.00
   15327.231     0.999658        10797      2925.71
   15327.231     0.999707        10797      3413.33
   15581.183     0.999756        10798      4096.00
   15581.183     0.999780        10798      4551.11
   15581.183     0.999805        10798      5120.00
   15671.295     0.999829        10799      5851.43
   15671.295     0.999854        10799      6826.67
   15671.295     0.999878        10799      8192.00
   15671.295     0.999890        10799      9102.22
   15671.295     0.999902        10799     10240.00
   15687.679     0.999915        10800     11702.86
   15687.679     1.000000        10800          inf
#[Mean    =     4022.189, StdDeviation   =     3090.792]
#[Max     =    15679.488, Total count    =        10800]
#[Buckets =           27, SubBuckets     =         2048]
-----------------------------------------------------------------------
  18935 requests in 30.00s, 3.45MB read
  Socket errors: connect 0, read 0, write 0, timeout 1
Requests/sec:    631.17  
Transfer/sec:    117.73KB
