Running 30s test @ http://10.111.138.180:8080/wrk2-api/home-timeline/read
  4 threads and 200 connections

  Thread calibration: mean lat.: 5.630ms, rate sampling interval: 10ms
  Thread calibration: mean lat.: 4.186ms, rate sampling interval: 10ms
  Thread calibration: mean lat.: 5.676ms, rate sampling interval: 10ms
  Thread calibration: mean lat.: 3.607ms, rate sampling interval: 10ms

-----------------------------------------------------------------------
Test Results @ http://10.111.138.180:8080/wrk2-api/home-timeline/read 
  Thread Stats   Avg      Stdev     99%   +/- Stdev
    Latency     1.15ms  225.87us   1.86ms   81.16%
    Req/Sec   263.99    169.52   700.00     73.84%
  Latency Distribution (HdrHistogram - Recorded Latency)
 50.000%    1.12ms
 75.000%    1.24ms
 90.000%    1.39ms
 99.000%    1.86ms
 99.900%    3.31ms
 99.990%    4.77ms
 99.999%    5.16ms
100.000%    5.16ms

  Detailed Percentile spectrum:
       Value   Percentile   TotalCount 1/(1-Percentile)

       0.744     0.000000            1         1.00
       0.939     0.100000         2005         1.11
       0.992     0.200000         4040         1.25
       1.036     0.300000         6005         1.43
       1.076     0.400000         8038         1.67
       1.115     0.500000        10040         2.00
       1.134     0.550000        10998         2.22
       1.156     0.600000        12033         2.50
       1.179     0.650000        13019         2.86
       1.204     0.700000        14001         3.33
       1.235     0.750000        15013         4.00
       1.253     0.775000        15501         4.44
       1.273     0.800000        16013         5.00
       1.295     0.825000        16494         5.71
       1.322     0.850000        16998         6.67
       1.356     0.875000        17508         8.00
       1.373     0.887500        17751         8.89
       1.392     0.900000        18000        10.00
       1.412     0.912500        18242        11.43
       1.435     0.925000        18499        13.33
       1.461     0.937500        18749        16.00
       1.478     0.943750        18870        17.78
       1.498     0.950000        18994        20.00
       1.523     0.956250        19119        22.86
       1.549     0.962500        19244        26.67
       1.585     0.968750        19367        32.00
       1.605     0.971875        19430        35.56
       1.630     0.975000        19495        40.00
       1.653     0.978125        19554        45.71
       1.692     0.981250        19620        53.33
       1.739     0.984375        19680        64.00
       1.775     0.985938        19710        71.11
       1.804     0.987500        19742        80.00
       1.840     0.989062        19774        91.43
       1.883     0.990625        19804       106.67
       1.929     0.992188        19835       128.00
       1.980     0.992969        19851       142.22
       2.053     0.993750        19867       160.00
       2.093     0.994531        19882       182.86
       2.191     0.995313        19898       213.33
       2.289     0.996094        19913       256.00
       2.391     0.996484        19921       284.44
       2.487     0.996875        19929       320.00
       2.531     0.997266        19937       365.71
       2.623     0.997656        19945       426.67
       2.751     0.998047        19952       512.00
       2.925     0.998242        19956       568.89
       3.049     0.998437        19960       640.00
       3.077     0.998633        19964       731.43
       3.173     0.998828        19968       853.33
       3.327     0.999023        19972      1024.00
       3.427     0.999121        19974      1137.78
       3.543     0.999219        19976      1280.00
       3.583     0.999316        19978      1462.86
       3.651     0.999414        19980      1706.67
       3.955     0.999512        19982      2048.00
       4.151     0.999561        19983      2275.56
       4.203     0.999609        19984      2560.00
       4.243     0.999658        19985      2925.71
       4.283     0.999707        19986      3413.33
       4.503     0.999756        19987      4096.00
       4.503     0.999780        19987      4551.11
       4.543     0.999805        19988      5120.00
       4.543     0.999829        19988      5851.43
       4.767     0.999854        19989      6826.67
       4.767     0.999878        19989      8192.00
       4.767     0.999890        19989      9102.22
       4.867     0.999902        19990     10240.00
       4.867     0.999915        19990     11702.86
       4.867     0.999927        19990     13653.33
       4.867     0.999939        19990     16384.00
       4.867     0.999945        19990     18204.44
       5.159     0.999951        19991     20480.00
       5.159     1.000000        19991          inf
#[Mean    =        1.151, StdDeviation   =        0.226]
#[Max     =        5.156, Total count    =        19991]
#[Buckets =           27, SubBuckets     =         2048]
-----------------------------------------------------------------------
  29887 requests in 30.00s, 4.99MB read
Requests/sec:    996.13  
Transfer/sec:    170.24KB
