Running 30s test @ http://10.111.138.180:8080/wrk2-api/home-timeline/read
  4 threads and 200 connections

  Thread calibration: mean lat.: 1.462ms, rate sampling interval: 10ms
  Thread calibration: mean lat.: 1.353ms, rate sampling interval: 10ms
  Thread calibration: mean lat.: 1.509ms, rate sampling interval: 10ms
  Thread calibration: mean lat.: 1.365ms, rate sampling interval: 10ms

-----------------------------------------------------------------------
Test Results @ http://10.111.138.180:8080/wrk2-api/home-timeline/read 
  Thread Stats   Avg      Stdev     99%   +/- Stdev
    Latency     1.22ms  213.73us   1.67ms   83.16%
    Req/Sec   131.38    116.72   444.00     58.32%
  Latency Distribution (HdrHistogram - Recorded Latency)
 50.000%    1.20ms
 75.000%    1.30ms
 90.000%    1.42ms
 99.000%    1.67ms
 99.900%    3.15ms
 99.990%    6.38ms
 99.999%    7.99ms
100.000%    7.99ms

  Detailed Percentile spectrum:
       Value   Percentile   TotalCount 1/(1-Percentile)

       0.709     0.000000            1         1.00
       1.018     0.100000         1007         1.11
       1.076     0.200000         1997         1.25
       1.120     0.300000         2991         1.43
       1.158     0.400000         3995         1.67
       1.195     0.500000         4989         2.00
       1.212     0.550000         5475         2.22
       1.233     0.600000         5982         2.50
       1.253     0.650000         6480         2.86
       1.276     0.700000         6979         3.33
       1.303     0.750000         7480         4.00
       1.317     0.775000         7715         4.44
       1.334     0.800000         7967         5.00
       1.352     0.825000         8224         5.71
       1.372     0.850000         8470         6.67
       1.395     0.875000         8716         8.00
       1.407     0.887500         8842         8.89
       1.419     0.900000         8960        10.00
       1.435     0.912500         9087        11.43
       1.450     0.925000         9208        13.33
       1.470     0.937500         9338        16.00
       1.484     0.943750         9400        17.78
       1.496     0.950000         9457        20.00
       1.511     0.956250         9521        22.86
       1.527     0.962500         9582        26.67
       1.549     0.968750         9647        32.00
       1.556     0.971875         9678        35.56
       1.569     0.975000         9706        40.00
       1.583     0.978125         9737        45.71
       1.597     0.981250         9768        53.33
       1.621     0.984375         9799        64.00
       1.636     0.985938         9815        71.11
       1.651     0.987500         9830        80.00
       1.667     0.989062         9846        91.43
       1.689     0.990625         9861       106.67
       1.740     0.992188         9878       128.00
       1.765     0.992969         9885       142.22
       1.800     0.993750         9892       160.00
       1.871     0.994531         9900       182.86
       2.121     0.995313         9909       213.33
       2.221     0.996094         9916       256.00
       2.321     0.996484         9920       284.44
       2.395     0.996875         9923       320.00
       2.513     0.997266         9927       365.71
       2.637     0.997656         9931       426.67
       2.853     0.998047         9935       512.00
       2.883     0.998242         9937       568.89
       2.951     0.998437         9939       640.00
       2.983     0.998633         9941       731.43
       3.143     0.998828         9943       853.33
       3.187     0.999023         9945      1024.00
       3.221     0.999121         9946      1137.78
       3.245     0.999219         9947      1280.00
       3.289     0.999316         9948      1462.86
       3.811     0.999414         9949      1706.67
       3.951     0.999512         9950      2048.00
       3.951     0.999561         9950      2275.56
       4.795     0.999609         9951      2560.00
       4.795     0.999658         9951      2925.71
       6.059     0.999707         9952      3413.33
       6.059     0.999756         9952      4096.00
       6.059     0.999780         9952      4551.11
       6.375     0.999805         9953      5120.00
       6.375     0.999829         9953      5851.43
       6.375     0.999854         9953      6826.67
       6.375     0.999878         9953      8192.00
       6.375     0.999890         9953      9102.22
       7.995     0.999902         9954     10240.00
       7.995     1.000000         9954          inf
#[Mean    =        1.215, StdDeviation   =        0.214]
#[Max     =        7.992, Total count    =         9954]
#[Buckets =           27, SubBuckets     =         2048]
-----------------------------------------------------------------------
  14942 requests in 30.02s, 2.49MB read
  Socket errors: connect 0, read 0, write 0, timeout 20
Requests/sec:    497.74  
Transfer/sec:     85.06KB
