Running 30s test @ http://10.111.138.180:8080/wrk2-api/post/compose
  4 threads and 200 connections

  Thread calibration: mean lat.: 45.467ms, rate sampling interval: 204ms
  Thread calibration: mean lat.: 45.794ms, rate sampling interval: 177ms
  Thread calibration: mean lat.: 45.438ms, rate sampling interval: 188ms
  Thread calibration: mean lat.: 49.762ms, rate sampling interval: 292ms

-----------------------------------------------------------------------
Test Results @ http://10.111.138.180:8080/wrk2-api/post/compose 
  Thread Stats   Avg      Stdev     99%   +/- Stdev
    Latency    11.38ms   21.58ms 147.71ms   98.62%
    Req/Sec   123.00     27.03   186.00     73.63%
  Latency Distribution (HdrHistogram - Recorded Latency)
 50.000%    8.49ms
 75.000%    9.69ms
 90.000%   11.61ms
 99.000%  147.71ms
 99.900%  242.43ms
 99.990%  374.53ms
 99.999%  385.79ms
100.000%  385.79ms

  Detailed Percentile spectrum:
       Value   Percentile   TotalCount 1/(1-Percentile)

       6.179     0.000000            1         1.00
       7.199     0.100000          989         1.11
       7.551     0.200000         1978         1.25
       7.863     0.300000         2959         1.43
       8.163     0.400000         3944         1.67
       8.495     0.500000         4920         2.00
       8.663     0.550000         5419         2.22
       8.863     0.600000         5917         2.50
       9.079     0.650000         6405         2.86
       9.367     0.700000         6894         3.33
       9.687     0.750000         7379         4.00
       9.863     0.775000         7625         4.44
      10.103     0.800000         7871         5.00
      10.367     0.825000         8116         5.71
      10.687     0.850000         8359         6.67
      11.063     0.875000         8604         8.00
      11.359     0.887500         8729         8.89
      11.607     0.900000         8855        10.00
      11.911     0.912500         8973        11.43
      12.367     0.925000         9097        13.33
      12.895     0.937500         9219        16.00
      13.183     0.943750         9280        17.78
      13.551     0.950000         9342        20.00
      13.951     0.956250         9403        22.86
      14.415     0.962500         9465        26.67
      15.239     0.968750         9526        32.00
      15.671     0.971875         9557        35.56
      16.447     0.975000         9589        40.00
      17.199     0.978125         9618        45.71
      18.111     0.981250         9649        53.33
      20.015     0.984375         9680        64.00
      26.591     0.985938         9695        71.11
     104.831     0.987500         9711        80.00
     136.319     0.989062         9726        91.43
     150.015     0.990625         9741       106.67
     180.223     0.992188         9757       128.00
     184.319     0.992969         9764       142.22
     191.359     0.993750         9772       160.00
     202.751     0.994531         9780       182.86
     211.455     0.995313         9787       213.33
     214.015     0.996094         9795       256.00
     219.519     0.996484         9799       284.44
     225.663     0.996875         9803       320.00
     233.343     0.997266         9807       365.71
     234.495     0.997656         9810       426.67
     235.775     0.998047         9814       512.00
     236.031     0.998242         9816       568.89
     238.975     0.998437         9818       640.00
     241.535     0.998633         9820       731.43
     242.303     0.998828         9822       853.33
     243.071     0.999023         9824      1024.00
     245.887     0.999121         9825      1137.78
     246.399     0.999219         9826      1280.00
     276.223     0.999316         9827      1462.86
     278.271     0.999414         9828      1706.67
     286.463     0.999512         9829      2048.00
     286.463     0.999561         9829      2275.56
     297.215     0.999609         9830      2560.00
     297.215     0.999658         9830      2925.71
     361.471     0.999707         9831      3413.33
     361.471     0.999756         9831      4096.00
     361.471     0.999780         9831      4551.11
     374.527     0.999805         9832      5120.00
     374.527     0.999829         9832      5851.43
     374.527     0.999854         9832      6826.67
     374.527     0.999878         9832      8192.00
     374.527     0.999890         9832      9102.22
     385.791     0.999902         9833     10240.00
     385.791     1.000000         9833          inf
#[Mean    =       11.384, StdDeviation   =       21.585]
#[Max     =      385.536, Total count    =         9833]
#[Buckets =           27, SubBuckets     =         2048]
-----------------------------------------------------------------------
  14813 requests in 30.02s, 2.70MB read
  Socket errors: connect 0, read 0, write 0, timeout 19
Requests/sec:    493.39  
Transfer/sec:     92.03KB
