Running 30s test @ http://10.111.138.180:8080/wrk2-api/post/compose
  4 threads and 200 connections

  Thread calibration: mean lat.: 118.983ms, rate sampling interval: 1056ms
  Thread calibration: mean lat.: 138.889ms, rate sampling interval: 1300ms
  Thread calibration: mean lat.: 122.755ms, rate sampling interval: 1157ms
  Thread calibration: mean lat.: 139.542ms, rate sampling interval: 1247ms

-----------------------------------------------------------------------
Test Results @ http://10.111.138.180:8080/wrk2-api/post/compose 
  Thread Stats   Avg      Stdev     99%   +/- Stdev
    Latency   206.74ms  486.35ms   2.23s    88.08%
    Req/Sec   134.58     25.41   167.00     71.21%
  Latency Distribution (HdrHistogram - Recorded Latency)
 50.000%    9.86ms
 75.000%   14.23ms
 90.000%  854.02ms
 99.000%    2.23s 
 99.900%    3.07s 
 99.990%    3.73s 
 99.999%    4.01s 
100.000%    4.01s 

  Detailed Percentile spectrum:
       Value   Percentile   TotalCount 1/(1-Percentile)

       6.087     0.000000            1         1.00
       7.567     0.100000         1071         1.11
       8.087     0.200000         2147         1.25
       8.599     0.300000         3223         1.43
       9.151     0.400000         4292         1.67
       9.863     0.500000         5352         2.00
      10.327     0.550000         5892         2.22
      10.863     0.600000         6423         2.50
      11.535     0.650000         6963         2.86
      12.479     0.700000         7496         3.33
      14.231     0.750000         8027         4.00
      16.135     0.775000         8296         4.44
      27.279     0.800000         8563         5.00
     370.943     0.825000         8830         5.71
     461.823     0.850000         9097         6.67
     651.775     0.875000         9365         8.00
     754.175     0.887500         9500         8.89
     854.015     0.900000         9632        10.00
     956.927     0.912500         9766        11.43
    1092.607     0.925000         9901        13.33
    1221.631     0.937500        10034        16.00
    1309.695     0.943750        10102        17.78
    1392.639     0.950000        10168        20.00
    1487.871     0.956250        10235        22.86
    1573.887     0.962500        10303        26.67
    1676.287     0.968750        10368        32.00
    1736.703     0.971875        10403        35.56
    1801.215     0.975000        10435        40.00
    1869.823     0.978125        10469        45.71
    1937.407     0.981250        10502        53.33
    2021.375     0.984375        10535        64.00
    2051.071     0.985938        10553        71.11
    2101.247     0.987500        10570        80.00
    2187.263     0.989062        10585        91.43
    2254.847     0.990625        10603       106.67
    2318.335     0.992188        10619       128.00
    2340.863     0.992969        10627       142.22
    2371.583     0.993750        10637       160.00
    2387.967     0.994531        10644       182.86
    2453.503     0.995313        10652       213.33
    2537.471     0.996094        10661       256.00
    2582.527     0.996484        10665       284.44
    2621.439     0.996875        10669       320.00
    2752.511     0.997266        10673       365.71
    2791.423     0.997656        10677       426.67
    2867.199     0.998047        10682       512.00
    2910.207     0.998242        10684       568.89
    2918.399     0.998437        10686       640.00
    2969.599     0.998633        10689       731.43
    3035.135     0.998828        10690       853.33
    3094.527     0.999023        10692      1024.00
    3151.871     0.999121        10693      1137.78
    3158.015     0.999219        10694      1280.00
    3172.351     0.999316        10695      1462.86
    3248.127     0.999414        10696      1706.67
    3381.247     0.999512        10697      2048.00
    3438.591     0.999561        10698      2275.56
    3438.591     0.999609        10698      2560.00
    3528.703     0.999658        10699      2925.71
    3528.703     0.999707        10699      3413.33
    3538.943     0.999756        10700      4096.00
    3538.943     0.999780        10700      4551.11
    3538.943     0.999805        10700      5120.00
    3725.311     0.999829        10701      5851.43
    3725.311     0.999854        10701      6826.67
    3725.311     0.999878        10701      8192.00
    3725.311     0.999890        10701      9102.22
    3725.311     0.999902        10701     10240.00
    4007.935     0.999915        10702     11702.86
    4007.935     1.000000        10702          inf
#[Mean    =      206.743, StdDeviation   =      486.346]
#[Max     =     4005.888, Total count    =        10702]
#[Buckets =           27, SubBuckets     =         2048]
-----------------------------------------------------------------------
  16671 requests in 30.03s, 3.04MB read
  Socket errors: connect 0, read 0, write 0, timeout 5
Requests/sec:    555.20  
Transfer/sec:    103.56KB
