Running 30s test @ http://10.111.138.180:8080/wrk2-api/home-timeline/read
  4 threads and 200 connections

  Thread calibration: mean lat.: 1.567ms, rate sampling interval: 10ms
  Thread calibration: mean lat.: 1.437ms, rate sampling interval: 10ms
  Thread calibration: mean lat.: 1.439ms, rate sampling interval: 10ms
  Thread calibration: mean lat.: 1.471ms, rate sampling interval: 10ms

-----------------------------------------------------------------------
Test Results @ http://10.111.138.180:8080/wrk2-api/home-timeline/read 
  Thread Stats   Avg      Stdev     99%   +/- Stdev
    Latency     1.20ms  193.07us   1.72ms   77.74%
    Req/Sec   156.95    130.64   500.00     57.42%
  Latency Distribution (HdrHistogram - Recorded Latency)
 50.000%    1.18ms
 75.000%    1.29ms
 90.000%    1.41ms
 99.000%    1.72ms
 99.900%    3.11ms
 99.990%    4.05ms
 99.999%    4.30ms
100.000%    4.30ms

  Detailed Percentile spectrum:
       Value   Percentile   TotalCount 1/(1-Percentile)

       0.759     0.000000            1         1.00
       1.003     0.100000         1191         1.11
       1.059     0.200000         2383         1.25
       1.101     0.300000         3569         1.43
       1.140     0.400000         4776         1.67
       1.178     0.500000         5945         2.00
       1.199     0.550000         6549         2.22
       1.219     0.600000         7140         2.50
       1.242     0.650000         7735         2.86
       1.266     0.700000         8325         3.33
       1.292     0.750000         8916         4.00
       1.307     0.775000         9209         4.44
       1.325     0.800000         9509         5.00
       1.344     0.825000         9804         5.71
       1.366     0.850000        10106         6.67
       1.388     0.875000        10408         8.00
       1.399     0.887500        10543         8.89
       1.413     0.900000        10696        10.00
       1.430     0.912500        10840        11.43
       1.449     0.925000        10996        13.33
       1.472     0.937500        11135        16.00
       1.484     0.943750        11211        17.78
       1.500     0.950000        11284        20.00
       1.515     0.956250        11358        22.86
       1.534     0.962500        11432        26.67
       1.555     0.968750        11506        32.00
       1.570     0.971875        11543        35.56
       1.588     0.975000        11585        40.00
       1.611     0.978125        11620        45.71
       1.628     0.981250        11658        53.33
       1.657     0.984375        11693        64.00
       1.677     0.985938        11711        71.11
       1.694     0.987500        11730        80.00
       1.714     0.989062        11748        91.43
       1.735     0.990625        11767       106.67
       1.800     0.992188        11785       128.00
       1.821     0.992969        11795       142.22
       1.837     0.993750        11803       160.00
       1.900     0.994531        11813       182.86
       1.965     0.995313        11822       213.33
       2.077     0.996094        11832       256.00
       2.089     0.996484        11836       284.44
       2.121     0.996875        11840       320.00
       2.213     0.997266        11845       365.71
       2.341     0.997656        11850       426.67
       2.463     0.998047        11854       512.00
       2.531     0.998242        11857       568.89
       2.643     0.998437        11859       640.00
       2.717     0.998633        11861       731.43
       2.951     0.998828        11864       853.33
       3.113     0.999023        11866      1024.00
       3.159     0.999121        11867      1137.78
       3.183     0.999219        11868      1280.00
       3.197     0.999316        11869      1462.86
       3.437     0.999414        11871      1706.67
       3.587     0.999512        11872      2048.00
       3.587     0.999561        11872      2275.56
       3.653     0.999609        11873      2560.00
       3.653     0.999658        11873      2925.71
       3.663     0.999707        11874      3413.33
       3.845     0.999756        11875      4096.00
       3.845     0.999780        11875      4551.11
       3.845     0.999805        11875      5120.00
       3.845     0.999829        11875      5851.43
       4.049     0.999854        11876      6826.67
       4.049     0.999878        11876      8192.00
       4.049     0.999890        11876      9102.22
       4.049     0.999902        11876     10240.00
       4.049     0.999915        11876     11702.86
       4.303     0.999927        11877     13653.33
       4.303     1.000000        11877          inf
#[Mean    =        1.201, StdDeviation   =        0.193]
#[Max     =        4.300, Total count    =        11877]
#[Buckets =           27, SubBuckets     =         2048]
-----------------------------------------------------------------------
  17863 requests in 30.01s, 2.98MB read
  Socket errors: connect 0, read 0, write 0, timeout 6
Requests/sec:    595.22  
Transfer/sec:    101.72KB
