Running 30s test @ http://10.111.138.180:8080/wrk2-api/post/compose
  4 threads and 200 connections

  Thread calibration: mean lat.: 153.156ms, rate sampling interval: 1327ms
  Thread calibration: mean lat.: 145.487ms, rate sampling interval: 1238ms
  Thread calibration: mean lat.: 140.104ms, rate sampling interval: 1130ms
  Thread calibration: mean lat.: 145.392ms, rate sampling interval: 1238ms

-----------------------------------------------------------------------
Test Results @ http://10.111.138.180:8080/wrk2-api/post/compose 
  Thread Stats   Avg      Stdev     99%   +/- Stdev
    Latency   654.33ms    1.19s    4.66s    84.32%
    Req/Sec   137.14     39.90   191.00     56.25%
  Latency Distribution (HdrHistogram - Recorded Latency)
 50.000%   12.89ms
 75.000%  838.66ms
 90.000%    2.62s 
 99.000%    4.66s 
 99.900%    5.60s 
 99.990%    6.56s 
 99.999%    7.06s 
100.000%    7.06s 

  Detailed Percentile spectrum:
       Value   Percentile   TotalCount 1/(1-Percentile)

       6.207     0.000000            1         1.00
       8.119     0.100000         1097         1.11
       8.999     0.200000         2189         1.25
       9.911     0.300000         3283         1.43
      11.135     0.400000         4376         1.67
      12.887     0.500000         5472         2.00
      14.135     0.550000         6019         2.22
      16.047     0.600000         6564         2.50
      19.887     0.650000         7111         2.86
     372.991     0.700000         7658         3.33
     838.655     0.750000         8206         4.00
    1088.511     0.775000         8479         4.44
    1346.559     0.800000         8754         5.00
    1619.967     0.825000         9026         5.71
    1938.431     0.850000         9300         6.67
    2265.087     0.875000         9573         8.00
    2445.311     0.887500         9710         8.89
    2619.391     0.900000         9846        10.00
    2818.047     0.912500         9984        11.43
    3041.279     0.925000        10120        13.33
    3252.223     0.937500        10258        16.00
    3346.431     0.943750        10326        17.78
    3483.647     0.950000        10393        20.00
    3635.199     0.956250        10462        22.86
    3794.943     0.962500        10530        26.67
    3942.399     0.968750        10600        32.00
    4016.127     0.971875        10634        35.56
    4079.615     0.975000        10667        40.00
    4175.871     0.978125        10701        45.71
    4292.607     0.981250        10736        53.33
    4403.199     0.984375        10770        64.00
    4497.407     0.985938        10787        71.11
    4554.751     0.987500        10804        80.00
    4620.287     0.989062        10823        91.43
    4710.399     0.990625        10840       106.67
    4759.551     0.992188        10855       128.00
    4800.511     0.992969        10864       142.22
    4845.567     0.993750        10872       160.00
    4915.199     0.994531        10881       182.86
    5029.887     0.995313        10889       213.33
    5091.327     0.996094        10898       256.00
    5103.615     0.996484        10902       284.44
    5144.575     0.996875        10906       320.00
    5185.535     0.997266        10911       365.71
    5292.031     0.997656        10915       426.67
    5369.855     0.998047        10920       512.00
    5394.431     0.998242        10921       568.89
    5488.639     0.998437        10923       640.00
    5517.311     0.998633        10926       731.43
    5599.231     0.998828        10928       853.33
    5689.343     0.999023        10930      1024.00
    5701.631     0.999121        10931      1137.78
    5713.919     0.999219        10932      1280.00
    5808.127     0.999316        10933      1462.86
    5812.223     0.999414        10934      1706.67
    5865.471     0.999512        10935      2048.00
    5885.951     0.999561        10936      2275.56
    5885.951     0.999609        10936      2560.00
    5980.159     0.999658        10937      2925.71
    5980.159     0.999707        10937      3413.33
    6459.391     0.999756        10938      4096.00
    6459.391     0.999780        10938      4551.11
    6459.391     0.999805        10938      5120.00
    6561.791     0.999829        10939      5851.43
    6561.791     0.999854        10939      6826.67
    6561.791     0.999878        10939      8192.00
    6561.791     0.999890        10939      9102.22
    6561.791     0.999902        10939     10240.00
    7057.407     0.999915        10940     11702.86
    7057.407     1.000000        10940          inf
#[Mean    =      654.332, StdDeviation   =     1188.712]
#[Max     =     7053.312, Total count    =        10940]
#[Buckets =           27, SubBuckets     =         2048]
-----------------------------------------------------------------------
  17879 requests in 30.06s, 3.26MB read
  Socket errors: connect 0, read 0, write 0, timeout 3
Requests/sec:    594.87  
Transfer/sec:    110.96KB
