Running 30s test @ http://10.111.138.180:8080/wrk2-api/home-timeline/read
  4 threads and 200 connections

  Thread calibration: mean lat.: 1.525ms, rate sampling interval: 10ms
  Thread calibration: mean lat.: 1.962ms, rate sampling interval: 10ms
  Thread calibration: mean lat.: 1.652ms, rate sampling interval: 10ms
  Thread calibration: mean lat.: 1.634ms, rate sampling interval: 10ms

-----------------------------------------------------------------------
Test Results @ http://10.111.138.180:8080/wrk2-api/home-timeline/read 
  Thread Stats   Avg      Stdev     99%   +/- Stdev
    Latency     1.19ms  211.95us   1.72ms   80.55%
    Req/Sec   181.79    139.49   555.00     65.72%
  Latency Distribution (HdrHistogram - Recorded Latency)
 50.000%    1.17ms
 75.000%    1.29ms
 90.000%    1.41ms
 99.000%    1.72ms
 99.900%    3.52ms
 99.990%    5.44ms
 99.999%    5.88ms
100.000%    5.88ms

  Detailed Percentile spectrum:
       Value   Percentile   TotalCount 1/(1-Percentile)

       0.724     0.000000            1         1.00
       0.987     0.100000         1378         1.11
       1.046     0.200000         2765         1.25
       1.091     0.300000         4163         1.43
       1.128     0.400000         5531         1.67
       1.167     0.500000         6888         2.00
       1.187     0.550000         7582         2.22
       1.206     0.600000         8256         2.50
       1.230     0.650000         8955         2.86
       1.255     0.700000         9634         3.33
       1.286     0.750000        10328         4.00
       1.302     0.775000        10674         4.44
       1.319     0.800000        11014         5.00
       1.337     0.825000        11349         5.71
       1.359     0.850000        11703         6.67
       1.382     0.875000        12037         8.00
       1.397     0.887500        12221         8.89
       1.411     0.900000        12385        10.00
       1.428     0.912500        12553        11.43
       1.447     0.925000        12728        13.33
       1.470     0.937500        12902        16.00
       1.480     0.943750        12983        17.78
       1.496     0.950000        13072        20.00
       1.511     0.956250        13155        22.86
       1.534     0.962500        13242        26.67
       1.557     0.968750        13329        32.00
       1.568     0.971875        13374        35.56
       1.583     0.975000        13416        40.00
       1.604     0.978125        13456        45.71
       1.622     0.981250        13501        53.33
       1.649     0.984375        13542        64.00
       1.662     0.985938        13563        71.11
       1.679     0.987500        13585        80.00
       1.705     0.989062        13606        91.43
       1.735     0.990625        13628       106.67
       1.789     0.992188        13649       128.00
       1.823     0.992969        13662       142.22
       1.863     0.993750        13671       160.00
       1.900     0.994531        13681       182.86
       2.009     0.995313        13692       213.33
       2.107     0.996094        13703       256.00
       2.159     0.996484        13708       284.44
       2.231     0.996875        13714       320.00
       2.295     0.997266        13719       365.71
       2.387     0.997656        13724       426.67
       2.547     0.998047        13730       512.00
       2.633     0.998242        13732       568.89
       2.767     0.998437        13735       640.00
       2.811     0.998633        13738       731.43
       3.327     0.998828        13740       853.33
       3.539     0.999023        13743      1024.00
       3.635     0.999121        13744      1137.78
       4.131     0.999219        13746      1280.00
       4.223     0.999316        13747      1462.86
       4.263     0.999414        13748      1706.67
       4.507     0.999512        13750      2048.00
       4.507     0.999561        13750      2275.56
       4.539     0.999609        13751      2560.00
       4.595     0.999658        13752      2925.71
       4.595     0.999707        13752      3413.33
       4.707     0.999756        13753      4096.00
       4.707     0.999780        13753      4551.11
       4.819     0.999805        13754      5120.00
       4.819     0.999829        13754      5851.43
       4.819     0.999854        13754      6826.67
       5.443     0.999878        13755      8192.00
       5.443     0.999890        13755      9102.22
       5.443     0.999902        13755     10240.00
       5.443     0.999915        13755     11702.86
       5.443     0.999927        13755     13653.33
       5.875     0.999939        13756     16384.00
       5.875     1.000000        13756          inf
#[Mean    =        1.193, StdDeviation   =        0.212]
#[Max     =        5.872, Total count    =        13756]
#[Buckets =           27, SubBuckets     =         2048]
-----------------------------------------------------------------------
  20719 requests in 30.00s, 3.46MB read
  Socket errors: connect 0, read 0, write 0, timeout 3
Requests/sec:    690.61  
Transfer/sec:    118.02KB
