Running 30s test @ http://10.111.138.180:8080/wrk2-api/home-timeline/read
  4 threads and 200 connections

  Thread calibration: mean lat.: 2.858ms, rate sampling interval: 10ms
  Thread calibration: mean lat.: 3.564ms, rate sampling interval: 10ms
  Thread calibration: mean lat.: 3.838ms, rate sampling interval: 10ms
  Thread calibration: mean lat.: 1.198ms, rate sampling interval: 10ms

-----------------------------------------------------------------------
Test Results @ http://10.111.138.180:8080/wrk2-api/home-timeline/read 
  Thread Stats   Avg      Stdev     99%   +/- Stdev
    Latency     1.17ms  201.97us   1.76ms   76.72%
    Req/Sec   209.47    148.46   600.00     72.66%
  Latency Distribution (HdrHistogram - Recorded Latency)
 50.000%    1.15ms
 75.000%    1.26ms
 90.000%    1.40ms
 99.000%    1.76ms
 99.900%    3.10ms
 99.990%    3.53ms
 99.999%    3.65ms
100.000%    3.65ms

  Detailed Percentile spectrum:
       Value   Percentile   TotalCount 1/(1-Percentile)

       0.691     0.000000            1         1.00
       0.962     0.100000         1595         1.11
       1.021     0.200000         3202         1.25
       1.066     0.300000         4764         1.43
       1.108     0.400000         6359         1.67
       1.146     0.500000         7945         2.00
       1.166     0.550000         8746         2.22
       1.187     0.600000         9540         2.50
       1.209     0.650000        10343         2.86
       1.234     0.700000        11118         3.33
       1.264     0.750000        11899         4.00
       1.282     0.775000        12294         4.44
       1.302     0.800000        12693         5.00
       1.322     0.825000        13095         5.71
       1.345     0.850000        13488         6.67
       1.371     0.875000        13880         8.00
       1.387     0.887500        14079         8.89
       1.404     0.900000        14280        10.00
       1.422     0.912500        14484        11.43
       1.443     0.925000        14674        13.33
       1.469     0.937500        14883        16.00
       1.483     0.943750        14971        17.78
       1.499     0.950000        15070        20.00
       1.519     0.956250        15172        22.86
       1.540     0.962500        15268        26.67
       1.566     0.968750        15369        32.00
       1.582     0.971875        15418        35.56
       1.602     0.975000        15467        40.00
       1.618     0.978125        15516        45.71
       1.641     0.981250        15568        53.33
       1.677     0.984375        15616        64.00
       1.697     0.985938        15639        71.11
       1.722     0.987500        15665        80.00
       1.743     0.989062        15690        91.43
       1.798     0.990625        15714       106.67
       1.844     0.992188        15739       128.00
       1.876     0.992969        15751       142.22
       1.909     0.993750        15763       160.00
       1.969     0.994531        15776       182.86
       2.061     0.995313        15788       213.33
       2.191     0.996094        15802       256.00
       2.233     0.996484        15807       284.44
       2.297     0.996875        15814       320.00
       2.325     0.997266        15820       365.71
       2.413     0.997656        15825       426.67
       2.489     0.998047        15832       512.00
       2.541     0.998242        15835       568.89
       2.653     0.998437        15838       640.00
       2.785     0.998633        15841       731.43
       2.887     0.998828        15844       853.33
       3.107     0.999023        15847      1024.00
       3.119     0.999121        15849      1137.78
       3.183     0.999219        15850      1280.00
       3.199     0.999316        15852      1462.86
       3.223     0.999414        15853      1706.67
       3.243     0.999512        15855      2048.00
       3.283     0.999561        15856      2275.56
       3.283     0.999609        15856      2560.00
       3.315     0.999658        15857      2925.71
       3.371     0.999707        15858      3413.33
       3.375     0.999756        15859      4096.00
       3.375     0.999780        15859      4551.11
       3.375     0.999805        15859      5120.00
       3.527     0.999829        15860      5851.43
       3.527     0.999854        15860      6826.67
       3.591     0.999878        15861      8192.00
       3.591     0.999890        15861      9102.22
       3.591     0.999902        15861     10240.00
       3.591     0.999915        15861     11702.86
       3.591     0.999927        15861     13653.33
       3.655     0.999939        15862     16384.00
       3.655     1.000000        15862          inf
#[Mean    =        1.173, StdDeviation   =        0.202]
#[Max     =        3.654, Total count    =        15862]
#[Buckets =           27, SubBuckets     =         2048]
-----------------------------------------------------------------------
  23643 requests in 30.00s, 3.95MB read
  Socket errors: connect 0, read 0, write 0, timeout 3
Requests/sec:    788.00  
Transfer/sec:    134.67KB
