Running 30s test @ http://10.111.138.180:8080/wrk2-api/post/compose
  4 threads and 200 connections

  Thread calibration: mean lat.: 265.103ms, rate sampling interval: 1622ms
  Thread calibration: mean lat.: 325.783ms, rate sampling interval: 1990ms
  Thread calibration: mean lat.: 265.238ms, rate sampling interval: 1678ms
  Thread calibration: mean lat.: 307.218ms, rate sampling interval: 1816ms

-----------------------------------------------------------------------
Test Results @ http://10.111.138.180:8080/wrk2-api/post/compose 
  Thread Stats   Avg      Stdev     99%   +/- Stdev
    Latency     1.28s     1.96s    6.95s    81.26%
    Req/Sec   135.88     51.41   215.00     65.12%
  Latency Distribution (HdrHistogram - Recorded Latency)
 50.000%   20.08ms
 75.000%    2.27s 
 90.000%    4.62s 
 99.000%    6.95s 
 99.900%    7.98s 
 99.990%    8.50s 
 99.999%    8.51s 
100.000%    8.51s 

  Detailed Percentile spectrum:
       Value   Percentile   TotalCount 1/(1-Percentile)

       6.555     0.000000            1         1.00
       9.375     0.100000         1073         1.11
      10.951     0.200000         2138         1.25
      12.927     0.300000         3209         1.43
      15.671     0.400000         4276         1.67
      20.079     0.500000         5345         2.00
      23.983     0.550000         5881         2.22
     336.639     0.600000         6415         2.50
     865.279     0.650000         6948         2.86
    1549.311     0.700000         7482         3.33
    2269.183     0.750000         8016         4.00
    2633.727     0.775000         8284         4.44
    3035.135     0.800000         8551         5.00
    3420.159     0.825000         8818         5.71
    3819.519     0.850000         9085         6.67
    4188.159     0.875000         9352         8.00
    4411.391     0.887500         9489         8.89
    4624.383     0.900000         9622        10.00
    4853.759     0.912500         9753        11.43
    5095.423     0.925000         9889        13.33
    5328.895     0.937500        10020        16.00
    5455.871     0.943750        10088        17.78
    5562.367     0.950000        10154        20.00
    5734.399     0.956250        10221        22.86
    5910.527     0.962500        10289        26.67
    6086.655     0.968750        10355        32.00
    6197.247     0.971875        10390        35.56
    6295.551     0.975000        10422        40.00
    6402.047     0.978125        10456        45.71
    6496.255     0.981250        10488        53.33
    6672.383     0.984375        10521        64.00
    6737.919     0.985938        10538        71.11
    6807.551     0.987500        10555        80.00
    6914.047     0.989062        10572        91.43
    6975.487     0.990625        10588       106.67
    7065.599     0.992188        10606       128.00
    7098.367     0.992969        10614       142.22
    7172.095     0.993750        10622       160.00
    7237.631     0.994531        10630       182.86
    7323.647     0.995313        10638       213.33
    7401.471     0.996094        10647       256.00
    7442.431     0.996484        10651       284.44
    7491.583     0.996875        10655       320.00
    7544.831     0.997266        10659       365.71
    7569.407     0.997656        10663       426.67
    7720.959     0.998047        10668       512.00
    7766.015     0.998242        10670       568.89
    7782.399     0.998437        10672       640.00
    7839.743     0.998633        10674       731.43
    7954.431     0.998828        10676       853.33
    8007.679     0.999023        10678      1024.00
    8028.159     0.999121        10679      1137.78
    8052.735     0.999219        10680      1280.00
    8069.119     0.999316        10681      1462.86
    8077.311     0.999414        10682      1706.67
    8159.231     0.999512        10683      2048.00
    8212.479     0.999561        10684      2275.56
    8212.479     0.999609        10684      2560.00
    8335.359     0.999658        10685      2925.71
    8335.359     0.999707        10685      3413.33
    8396.799     0.999756        10686      4096.00
    8396.799     0.999780        10686      4551.11
    8396.799     0.999805        10686      5120.00
    8495.103     0.999829        10687      5851.43
    8495.103     0.999854        10687      6826.67
    8495.103     0.999878        10687      8192.00
    8495.103     0.999890        10687      9102.22
    8495.103     0.999902        10687     10240.00
    8511.487     0.999915        10688     11702.86
    8511.487     1.000000        10688          inf
#[Mean    =     1281.011, StdDeviation   =     1957.845]
#[Max     =     8503.296, Total count    =        10688]
#[Buckets =           27, SubBuckets     =         2048]
-----------------------------------------------------------------------
  18631 requests in 30.04s, 3.39MB read
Requests/sec:    620.23  
Transfer/sec:    115.69KB
