Running 30s test @ http://10.111.138.180:8080/wrk2-api/home-timeline/read
  4 threads and 200 connections

  Thread calibration: mean lat.: 2.146ms, rate sampling interval: 10ms
  Thread calibration: mean lat.: 2.448ms, rate sampling interval: 10ms
  Thread calibration: mean lat.: 1.192ms, rate sampling interval: 10ms
  Thread calibration: mean lat.: 2.267ms, rate sampling interval: 10ms

-----------------------------------------------------------------------
Test Results @ http://10.111.138.180:8080/wrk2-api/home-timeline/read 
  Thread Stats   Avg      Stdev     99%   +/- Stdev
    Latency     1.16ms  208.05us   1.76ms   77.53%
    Req/Sec   235.78    159.04   666.00     69.77%
  Latency Distribution (HdrHistogram - Recorded Latency)
 50.000%    1.13ms
 75.000%    1.25ms
 90.000%    1.40ms
 99.000%    1.76ms
 99.900%    2.94ms
 99.990%    4.20ms
 99.999%    5.10ms
100.000%    5.10ms

  Detailed Percentile spectrum:
       Value   Percentile   TotalCount 1/(1-Percentile)

       0.714     0.000000            1         1.00
       0.953     0.100000         1789         1.11
       1.010     0.200000         3585         1.25
       1.055     0.300000         5377         1.43
       1.096     0.400000         7183         1.67
       1.135     0.500000         8974         2.00
       1.155     0.550000         9845         2.22
       1.176     0.600000        10744         2.50
       1.200     0.650000        11613         2.86
       1.225     0.700000        12496         3.33
       1.255     0.750000        13405         4.00
       1.273     0.775000        13859         4.44
       1.292     0.800000        14288         5.00
       1.314     0.825000        14738         5.71
       1.339     0.850000        15176         6.67
       1.370     0.875000        15630         8.00
       1.385     0.887500        15847         8.89
       1.401     0.900000        16072        10.00
       1.420     0.912500        16304        11.43
       1.442     0.925000        16521        13.33
       1.467     0.937500        16740        16.00
       1.480     0.943750        16848        17.78
       1.499     0.950000        16970        20.00
       1.515     0.956250        17071        22.86
       1.540     0.962500        17183        26.67
       1.571     0.968750        17295        32.00
       1.583     0.971875        17349        35.56
       1.603     0.975000        17409        40.00
       1.620     0.978125        17463        45.71
       1.647     0.981250        17520        53.33
       1.676     0.984375        17574        64.00
       1.697     0.985938        17600        71.11
       1.726     0.987500        17628        80.00
       1.747     0.989062        17656        91.43
       1.776     0.990625        17684       106.67
       1.841     0.992188        17712       128.00
       1.878     0.992969        17727       142.22
       1.934     0.993750        17740       160.00
       1.971     0.994531        17754       182.86
       2.023     0.995313        17769       213.33
       2.095     0.996094        17783       256.00
       2.155     0.996484        17789       284.44
       2.223     0.996875        17796       320.00
       2.291     0.997266        17803       365.71
       2.357     0.997656        17810       426.67
       2.479     0.998047        17817       512.00
       2.509     0.998242        17820       568.89
       2.659     0.998437        17825       640.00
       2.703     0.998633        17827       731.43
       2.849     0.998828        17831       853.33
       2.945     0.999023        17834      1024.00
       3.061     0.999121        17836      1137.78
       3.141     0.999219        17838      1280.00
       3.271     0.999316        17839      1462.86
       3.493     0.999414        17841      1706.67
       3.583     0.999512        17843      2048.00
       3.627     0.999561        17844      2275.56
       3.761     0.999609        17845      2560.00
       3.761     0.999658        17845      2925.71
       3.849     0.999707        17846      3413.33
       3.929     0.999756        17847      4096.00
       4.045     0.999780        17848      4551.11
       4.045     0.999805        17848      5120.00
       4.045     0.999829        17848      5851.43
       4.203     0.999854        17849      6826.67
       4.203     0.999878        17849      8192.00
       4.507     0.999890        17850      9102.22
       4.507     0.999902        17850     10240.00
       4.507     0.999915        17850     11702.86
       4.507     0.999927        17850     13653.33
       4.507     0.999939        17850     16384.00
       5.099     0.999945        17851     18204.44
       5.099     1.000000        17851          inf
#[Mean    =        1.164, StdDeviation   =        0.208]
#[Max     =        5.096, Total count    =        17851]
#[Buckets =           27, SubBuckets     =         2048]
-----------------------------------------------------------------------
  26603 requests in 30.00s, 4.44MB read
  Socket errors: connect 0, read 0, write 0, timeout 1
Requests/sec:    886.67  
Transfer/sec:    151.53KB
