Running 30s test @ http://10.111.138.180:8080/wrk2-api/post/compose
  4 threads and 200 connections

  Thread calibration: mean lat.: 861.030ms, rate sampling interval: 3278ms
  Thread calibration: mean lat.: 926.624ms, rate sampling interval: 3670ms
  Thread calibration: mean lat.: 907.884ms, rate sampling interval: 3643ms
  Thread calibration: mean lat.: 819.192ms, rate sampling interval: 3368ms

-----------------------------------------------------------------------
Test Results @ http://10.111.138.180:8080/wrk2-api/post/compose 
  Thread Stats   Avg      Stdev     99%   +/- Stdev
    Latency     2.51s     2.60s    9.40s    80.55%
    Req/Sec   137.05     61.32   229.00     71.43%
  Latency Distribution (HdrHistogram - Recorded Latency)
 50.000%    1.27s 
 75.000%    4.07s 
 90.000%    6.84s 
 99.000%    9.40s 
 99.900%   11.05s 
 99.990%   12.20s 
 99.999%   12.41s 
100.000%   12.41s 

  Detailed Percentile spectrum:
       Value   Percentile   TotalCount 1/(1-Percentile)

     122.175     0.000000            1         1.00
     238.975     0.100000         1066         1.11
     407.039     0.200000         2131         1.25
     598.015     0.300000         3197         1.43
     861.695     0.400000         4263         1.67
    1273.855     0.500000         5329         2.00
    1602.559     0.550000         5860         2.22
    2010.111     0.600000         6393         2.50
    2537.471     0.650000         6926         2.86
    3194.879     0.700000         7458         3.33
    4071.423     0.750000         7993         4.00
    4534.271     0.775000         8258         4.44
    4997.119     0.800000         8524         5.00
    5476.351     0.825000         8792         5.71
    5947.391     0.850000         9056         6.67
    6414.335     0.875000         9324         8.00
    6635.519     0.887500         9460         8.89
    6840.319     0.900000         9589        10.00
    7102.463     0.912500         9724        11.43
    7340.031     0.925000         9855        13.33
    7610.367     0.937500         9990        16.00
    7741.439     0.943750        10056        17.78
    7921.663     0.950000        10122        20.00
    8085.503     0.956250        10188        22.86
    8261.631     0.962500        10255        26.67
    8470.527     0.968750        10325        32.00
    8560.639     0.971875        10359        35.56
    8650.751     0.975000        10388        40.00
    8773.631     0.978125        10422        45.71
    8962.047     0.981250        10459        53.33
    9076.735     0.984375        10489        64.00
    9166.847     0.985938        10507        71.11
    9240.575     0.987500        10523        80.00
    9355.263     0.989062        10538        91.43
    9428.991     0.990625        10556       106.67
    9543.679     0.992188        10573       128.00
    9601.023     0.992969        10581       142.22
    9682.943     0.993750        10590       160.00
    9822.207     0.994531        10597       182.86
    9920.511     0.995313        10606       213.33
   10035.199     0.996094        10613       256.00
   10166.271     0.996484        10617       284.44
   10199.039     0.996875        10621       320.00
   10297.343     0.997266        10625       365.71
   10403.839     0.997656        10630       426.67
   10608.639     0.998047        10634       512.00
   10706.943     0.998242        10636       568.89
   10821.631     0.998437        10638       640.00
   10854.399     0.998633        10640       731.43
   10977.279     0.998828        10642       853.33
   11116.543     0.999023        10644      1024.00
   11173.887     0.999121        10645      1137.78
   11198.463     0.999219        10646      1280.00
   11395.071     0.999316        10647      1462.86
   11452.415     0.999414        10648      1706.67
   11632.639     0.999512        10649      2048.00
   11673.599     0.999561        10650      2275.56
   11673.599     0.999609        10650      2560.00
   11911.167     0.999658        10651      2925.71
   11911.167     0.999707        10651      3413.33
   11976.703     0.999756        10652      4096.00
   11976.703     0.999780        10652      4551.11
   11976.703     0.999805        10652      5120.00
   12197.887     0.999829        10653      5851.43
   12197.887     0.999854        10653      6826.67
   12197.887     0.999878        10653      8192.00
   12197.887     0.999890        10653      9102.22
   12197.887     0.999902        10653     10240.00
   12410.879     0.999915        10654     11702.86
   12410.879     1.000000        10654          inf
#[Mean    =     2507.953, StdDeviation   =     2597.401]
#[Max     =    12402.688, Total count    =        10654]
#[Buckets =           27, SubBuckets     =         2048]
-----------------------------------------------------------------------
  18946 requests in 30.00s, 3.45MB read
Requests/sec:    631.53  
Transfer/sec:    117.80KB
