Running 30s test @ http://10.99.59.146:8080/wrk2-api/home-timeline/read
  4 threads and 200 connections

  Thread calibration: mean lat.: 3.329ms, rate sampling interval: 10ms
  Thread calibration: mean lat.: 2.568ms, rate sampling interval: 10ms
  Thread calibration: mean lat.: 3.076ms, rate sampling interval: 10ms
  Thread calibration: mean lat.: 3.132ms, rate sampling interval: 10ms

-----------------------------------------------------------------------
Test Results @ http://10.99.59.146:8080/wrk2-api/home-timeline/read 
  Thread Stats   Avg      Stdev     99%   +/- Stdev
    Latency     1.18ms  245.21us   1.99ms   81.24%
    Req/Sec   264.02    170.27   700.00     74.26%
  Latency Distribution (HdrHistogram - Recorded Latency)
 50.000%    1.14ms
 75.000%    1.27ms
 90.000%    1.45ms
 99.000%    1.99ms
 99.900%    3.28ms
 99.990%    5.04ms
 99.999%    6.97ms
100.000%    6.97ms

  Detailed Percentile spectrum:
       Value   Percentile   TotalCount 1/(1-Percentile)

       0.729     0.000000            1         1.00
       0.953     0.100000         2017         1.11
       1.011     0.200000         4025         1.25
       1.055     0.300000         6004         1.43
       1.098     0.400000         8004         1.67
       1.140     0.500000        10007         2.00
       1.162     0.550000        11027         2.22
       1.185     0.600000        12032         2.50
       1.209     0.650000        13026         2.86
       1.238     0.700000        14010         3.33
       1.274     0.750000        15011         4.00
       1.294     0.775000        15513         4.44
       1.317     0.800000        16015         5.00
       1.343     0.825000        16492         5.71
       1.372     0.850000        17009         6.67
       1.406     0.875000        17505         8.00
       1.426     0.887500        17754         8.89
       1.447     0.900000        18000        10.00
       1.470     0.912500        18253        11.43
       1.496     0.925000        18495        13.33
       1.529     0.937500        18743        16.00
       1.548     0.943750        18870        17.78
       1.571     0.950000        18992        20.00
       1.601     0.956250        19118        22.86
       1.629     0.962500        19245        26.67
       1.668     0.968750        19367        32.00
       1.687     0.971875        19428        35.56
       1.720     0.975000        19492        40.00
       1.755     0.978125        19553        45.71
       1.794     0.981250        19616        53.33
       1.841     0.984375        19678        64.00
       1.879     0.985938        19709        71.11
       1.908     0.987500        19741        80.00
       1.951     0.989062        19772        91.43
       2.025     0.990625        19803       106.67
       2.081     0.992188        19834       128.00
       2.127     0.992969        19850       142.22
       2.203     0.993750        19867       160.00
       2.251     0.994531        19881       182.86
       2.305     0.995313        19897       213.33
       2.409     0.996094        19912       256.00
       2.439     0.996484        19920       284.44
       2.497     0.996875        19928       320.00
       2.607     0.997266        19936       365.71
       2.731     0.997656        19944       426.67
       2.911     0.998047        19951       512.00
       2.955     0.998242        19955       568.89
       3.011     0.998437        19959       640.00
       3.127     0.998633        19963       731.43
       3.209     0.998828        19967       853.33
       3.357     0.999023        19971      1024.00
       3.427     0.999121        19973      1137.78
       3.489     0.999219        19975      1280.00
       3.555     0.999316        19977      1462.86
       3.661     0.999414        19979      1706.67
       3.779     0.999512        19981      2048.00
       3.825     0.999561        19982      2275.56
       4.323     0.999609        19983      2560.00
       4.371     0.999658        19984      2925.71
       4.495     0.999707        19985      3413.33
       4.835     0.999756        19986      4096.00
       4.835     0.999780        19986      4551.11
       4.855     0.999805        19987      5120.00
       4.855     0.999829        19987      5851.43
       5.039     0.999854        19988      6826.67
       5.039     0.999878        19988      8192.00
       5.039     0.999890        19988      9102.22
       5.299     0.999902        19989     10240.00
       5.299     0.999915        19989     11702.86
       5.299     0.999927        19989     13653.33
       5.299     0.999939        19989     16384.00
       5.299     0.999945        19989     18204.44
       6.967     0.999951        19990     20480.00
       6.967     1.000000        19990          inf
#[Mean    =        1.182, StdDeviation   =        0.245]
#[Max     =        6.964, Total count    =        19990]
#[Buckets =           27, SubBuckets     =         2048]
-----------------------------------------------------------------------
  29899 requests in 30.01s, 4.99MB read
Requests/sec:    996.40  
Transfer/sec:    170.28KB
