Running 30s test @ http://10.99.59.146:8080/wrk2-api/post/compose
  4 threads and 200 connections

  Thread calibration: mean lat.: 1201.036ms, rate sampling interval: 4538ms
  Thread calibration: mean lat.: 958.810ms, rate sampling interval: 3446ms
  Thread calibration: mean lat.: 1288.551ms, rate sampling interval: 4980ms
  Thread calibration: mean lat.: 1274.503ms, rate sampling interval: 4595ms

-----------------------------------------------------------------------
Test Results @ http://10.99.59.146:8080/wrk2-api/post/compose 
  Thread Stats   Avg      Stdev     99%   +/- Stdev
    Latency     4.19s     3.10s   12.25s    68.97%
    Req/Sec   133.12     56.98   217.00     70.59%
  Latency Distribution (HdrHistogram - Recorded Latency)
 50.000%    3.13s 
 75.000%    6.17s 
 90.000%    9.18s 
 99.000%   12.25s 
 99.900%   13.82s 
 99.990%   15.05s 
 99.999%   15.20s 
100.000%   15.20s 

  Detailed Percentile spectrum:
       Value   Percentile   TotalCount 1/(1-Percentile)

     203.391     0.000000            1         1.00
     998.399     0.100000         1035         1.11
    1574.911     0.200000         2072         1.25
    2097.151     0.300000         3103         1.43
    2549.759     0.400000         4139         1.67
    3133.439     0.500000         5177         2.00
    3493.887     0.550000         5689         2.22
    3952.639     0.600000         6210         2.50
    4517.887     0.650000         6723         2.86
    5267.455     0.700000         7239         3.33
    6168.575     0.750000         7758         4.00
    6639.615     0.775000         8017         4.44
    7163.903     0.800000         8274         5.00
    7647.231     0.825000         8534         5.71
    8122.367     0.850000         8791         6.67
    8626.175     0.875000         9052         8.00
    8880.127     0.887500         9179         8.89
    9183.231     0.900000         9308        10.00
    9461.759     0.912500         9439        11.43
    9805.823     0.925000         9568        13.33
   10108.927     0.937500         9695        16.00
   10321.919     0.943750         9764        17.78
   10469.375     0.950000         9824        20.00
   10657.791     0.956250         9891        22.86
   10862.591     0.962500         9954        26.67
   11059.199     0.968750        10018        32.00
   11198.463     0.971875        10051        35.56
   11329.535     0.975000        10085        40.00
   11452.415     0.978125        10115        45.71
   11632.639     0.981250        10148        53.33
   11788.287     0.984375        10180        64.00
   11878.399     0.985938        10197        71.11
   12042.239     0.987500        10213        80.00
   12156.927     0.989062        10228        91.43
   12304.383     0.990625        10245       106.67
   12492.799     0.992188        10261       128.00
   12541.951     0.992969        10269       142.22
   12640.255     0.993750        10277       160.00
   12787.711     0.994531        10285       182.86
   12869.631     0.995313        10293       213.33
   13041.663     0.996094        10301       256.00
   13066.239     0.996484        10305       284.44
   13172.735     0.996875        10309       320.00
   13238.271     0.997266        10313       365.71
   13369.343     0.997656        10317       426.67
   13524.991     0.998047        10321       512.00
   13541.375     0.998242        10323       568.89
   13582.335     0.998437        10326       640.00
   13631.487     0.998633        10327       731.43
   13697.023     0.998828        10329       853.33
   13819.903     0.999023        10331      1024.00
   13910.015     0.999121        10333      1137.78
   13910.015     0.999219        10333      1280.00
   14024.703     0.999316        10334      1462.86
   14049.279     0.999414        10335      1706.67
   14237.695     0.999512        10336      2048.00
   14426.111     0.999561        10337      2275.56
   14426.111     0.999609        10337      2560.00
   14557.183     0.999658        10338      2925.71
   14557.183     0.999707        10338      3413.33
   14704.639     0.999756        10339      4096.00
   14704.639     0.999780        10339      4551.11
   14704.639     0.999805        10339      5120.00
   15048.703     0.999829        10340      5851.43
   15048.703     0.999854        10340      6826.67
   15048.703     0.999878        10340      8192.00
   15048.703     0.999890        10340      9102.22
   15048.703     0.999902        10340     10240.00
   15196.159     0.999915        10341     11702.86
   15196.159     1.000000        10341          inf
#[Mean    =     4194.837, StdDeviation   =     3103.657]
#[Max     =    15187.968, Total count    =        10341]
#[Buckets =           27, SubBuckets     =         2048]
-----------------------------------------------------------------------
  18548 requests in 30.01s, 3.38MB read
Requests/sec:    618.15  
Transfer/sec:    115.30KB
