Running 30s test @ http://10.99.59.146:8080/wrk2-api/home-timeline/read
  4 threads and 200 connections

  Thread calibration: mean lat.: 1.394ms, rate sampling interval: 10ms
  Thread calibration: mean lat.: 1.517ms, rate sampling interval: 10ms
  Thread calibration: mean lat.: 1.446ms, rate sampling interval: 10ms
  Thread calibration: mean lat.: 1.390ms, rate sampling interval: 10ms

-----------------------------------------------------------------------
Test Results @ http://10.99.59.146:8080/wrk2-api/home-timeline/read 
  Thread Stats   Avg      Stdev     99%   +/- Stdev
    Latency     1.22ms  201.03us   1.72ms   80.31%
    Req/Sec   131.37    118.34   444.00     57.76%
  Latency Distribution (HdrHistogram - Recorded Latency)
 50.000%    1.20ms
 75.000%    1.30ms
 90.000%    1.42ms
 99.000%    1.72ms
 99.900%    3.58ms
 99.990%    4.32ms
 99.999%    4.36ms
100.000%    4.36ms

  Detailed Percentile spectrum:
       Value   Percentile   TotalCount 1/(1-Percentile)

       0.759     0.000000            1         1.00
       1.020     0.100000         1002         1.11
       1.079     0.200000         2011         1.25
       1.121     0.300000         3000         1.43
       1.158     0.400000         4001         1.67
       1.195     0.500000         4984         2.00
       1.214     0.550000         5502         2.22
       1.233     0.600000         5984         2.50
       1.252     0.650000         6473         2.86
       1.276     0.700000         6968         3.33
       1.305     0.750000         7473         4.00
       1.320     0.775000         7714         4.44
       1.336     0.800000         7961         5.00
       1.354     0.825000         8217         5.71
       1.372     0.850000         8460         6.67
       1.393     0.875000         8716         8.00
       1.408     0.887500         8837         8.89
       1.422     0.900000         8955        10.00
       1.438     0.912500         9087        11.43
       1.456     0.925000         9208        13.33
       1.478     0.937500         9332        16.00
       1.492     0.943750         9392        17.78
       1.509     0.950000         9455        20.00
       1.526     0.956250         9517        22.86
       1.542     0.962500         9577        26.67
       1.560     0.968750         9641        32.00
       1.569     0.971875         9672        35.56
       1.585     0.975000         9703        40.00
       1.602     0.978125         9734        45.71
       1.616     0.981250         9764        53.33
       1.646     0.984375         9796        64.00
       1.657     0.985938         9811        71.11
       1.679     0.987500         9826        80.00
       1.704     0.989062         9842        91.43
       1.730     0.990625         9857       106.67
       1.766     0.992188         9873       128.00
       1.793     0.992969         9881       142.22
       1.836     0.993750         9888       160.00
       1.909     0.994531         9896       182.86
       1.974     0.995313         9904       213.33
       2.071     0.996094         9912       256.00
       2.103     0.996484         9916       284.44
       2.213     0.996875         9919       320.00
       2.327     0.997266         9923       365.71
       2.543     0.997656         9927       426.67
       2.977     0.998047         9931       512.00
       3.059     0.998242         9933       568.89
       3.219     0.998437         9935       640.00
       3.273     0.998633         9937       731.43
       3.495     0.998828         9939       853.33
       3.623     0.999023         9941      1024.00
       3.699     0.999121         9942      1137.78
       3.821     0.999219         9943      1280.00
       3.941     0.999316         9944      1462.86
       4.009     0.999414         9945      1706.67
       4.077     0.999512         9946      2048.00
       4.077     0.999561         9946      2275.56
       4.085     0.999609         9947      2560.00
       4.085     0.999658         9947      2925.71
       4.295     0.999707         9948      3413.33
       4.295     0.999756         9948      4096.00
       4.295     0.999780         9948      4551.11
       4.319     0.999805         9949      5120.00
       4.319     0.999829         9949      5851.43
       4.319     0.999854         9949      6826.67
       4.319     0.999878         9949      8192.00
       4.319     0.999890         9949      9102.22
       4.359     0.999902         9950     10240.00
       4.359     1.000000         9950          inf
#[Mean    =        1.216, StdDeviation   =        0.201]
#[Max     =        4.356, Total count    =         9950]
#[Buckets =           27, SubBuckets     =         2048]
-----------------------------------------------------------------------
  14944 requests in 30.01s, 2.49MB read
  Socket errors: connect 0, read 0, write 0, timeout 20
Requests/sec:    497.91  
Transfer/sec:     85.09KB
