Running 30s test @ http://10.99.59.146:8080/wrk2-api/post/compose
  4 threads and 200 connections

  Thread calibration: mean lat.: 14.075ms, rate sampling interval: 25ms
  Thread calibration: mean lat.: 14.700ms, rate sampling interval: 24ms
  Thread calibration: mean lat.: 14.274ms, rate sampling interval: 24ms
  Thread calibration: mean lat.: 9.512ms, rate sampling interval: 23ms

-----------------------------------------------------------------------
Test Results @ http://10.99.59.146:8080/wrk2-api/post/compose 
  Thread Stats   Avg      Stdev     99%   +/- Stdev
    Latency     9.60ms    2.40ms  19.30ms   87.18%
    Req/Sec   127.03     74.46   333.00     62.24%
  Latency Distribution (HdrHistogram - Recorded Latency)
 50.000%    8.98ms
 75.000%   10.23ms
 90.000%   12.12ms
 99.000%   19.30ms
 99.900%   28.77ms
 99.990%   30.24ms
 99.999%   32.32ms
100.000%   32.32ms

  Detailed Percentile spectrum:
       Value   Percentile   TotalCount 1/(1-Percentile)

       6.511     0.000000            1         1.00
       7.643     0.100000         1001         1.11
       7.999     0.200000         2003         1.25
       8.303     0.300000         2997         1.43
       8.623     0.400000         3997         1.67
       8.975     0.500000         4999         2.00
       9.167     0.550000         5496         2.22
       9.359     0.600000         5978         2.50
       9.623     0.650000         6478         2.86
       9.895     0.700000         6984         3.33
      10.231     0.750000         7476         4.00
      10.447     0.775000         7724         4.44
      10.663     0.800000         7974         5.00
      10.943     0.825000         8220         5.71
      11.271     0.850000         8474         6.67
      11.655     0.875000         8721         8.00
      11.871     0.887500         8845         8.89
      12.119     0.900000         8969        10.00
      12.431     0.912500         9092        11.43
      12.759     0.925000         9217        13.33
      13.295     0.937500         9344        16.00
      13.639     0.943750         9404        17.78
      13.927     0.950000         9465        20.00
      14.399     0.956250         9527        22.86
      14.943     0.962500         9589        26.67
      15.471     0.968750         9651        32.00
      15.839     0.971875         9682        35.56
      16.239     0.975000         9713        40.00
      16.655     0.978125         9747        45.71
      17.311     0.981250         9776        53.33
      17.983     0.984375         9807        64.00
      18.271     0.985938         9822        71.11
      18.575     0.987500         9838        80.00
      19.167     0.989062         9855        91.43
      19.583     0.990625         9869       106.67
      20.143     0.992188         9885       128.00
      20.895     0.992969         9893       142.22
      21.215     0.993750         9901       160.00
      21.983     0.994531         9909       182.86
      22.719     0.995313         9916       213.33
      23.167     0.996094         9924       256.00
      23.263     0.996484         9927       284.44
      23.711     0.996875         9931       320.00
      24.127     0.997266         9935       365.71
      24.895     0.997656         9939       426.67
      25.695     0.998047         9943       512.00
      26.175     0.998242         9945       568.89
      26.399     0.998437         9947       640.00
      26.703     0.998633         9949       731.43
      28.575     0.998828         9951       853.33
      28.815     0.999023         9953      1024.00
      29.039     0.999121         9954      1137.78
      29.199     0.999219         9955      1280.00
      29.423     0.999316         9956      1462.86
      29.487     0.999414         9957      1706.67
      29.663     0.999512         9958      2048.00
      29.663     0.999561         9958      2275.56
      29.759     0.999609         9959      2560.00
      29.759     0.999658         9959      2925.71
      30.127     0.999707         9960      3413.33
      30.127     0.999756         9960      4096.00
      30.127     0.999780         9960      4551.11
      30.239     0.999805         9961      5120.00
      30.239     0.999829         9961      5851.43
      30.239     0.999854         9961      6826.67
      30.239     0.999878         9961      8192.00
      30.239     0.999890         9961      9102.22
      32.319     0.999902         9962     10240.00
      32.319     1.000000         9962          inf
#[Mean    =        9.604, StdDeviation   =        2.398]
#[Max     =       32.304, Total count    =         9962]
#[Buckets =           27, SubBuckets     =         2048]
-----------------------------------------------------------------------
  14830 requests in 30.02s, 2.70MB read
  Socket errors: connect 0, read 0, write 0, timeout 25
Requests/sec:    494.01  
Transfer/sec:     92.15KB
