Running 30s test @ http://10.99.59.146:8080/wrk2-api/home-timeline/read
  4 threads and 200 connections

  Thread calibration: mean lat.: 1.890ms, rate sampling interval: 10ms
  Thread calibration: mean lat.: 1.919ms, rate sampling interval: 10ms
  Thread calibration: mean lat.: 1.935ms, rate sampling interval: 10ms
  Thread calibration: mean lat.: 1.895ms, rate sampling interval: 10ms

-----------------------------------------------------------------------
Test Results @ http://10.99.59.146:8080/wrk2-api/home-timeline/read 
  Thread Stats   Avg      Stdev     99%   +/- Stdev
    Latency     1.21ms  205.43us   1.78ms   79.21%
    Req/Sec   156.80    129.76   555.00     58.71%
  Latency Distribution (HdrHistogram - Recorded Latency)
 50.000%    1.19ms
 75.000%    1.30ms
 90.000%    1.43ms
 99.000%    1.78ms
 99.900%    3.19ms
 99.990%    4.36ms
 99.999%    4.47ms
100.000%    4.47ms

  Detailed Percentile spectrum:
       Value   Percentile   TotalCount 1/(1-Percentile)

       0.689     0.000000            1         1.00
       1.009     0.100000         1198         1.11
       1.069     0.200000         2406         1.25
       1.113     0.300000         3575         1.43
       1.152     0.400000         4758         1.67
       1.188     0.500000         5951         2.00
       1.209     0.550000         6559         2.22
       1.229     0.600000         7128         2.50
       1.253     0.650000         7727         2.86
       1.279     0.700000         8318         3.33
       1.305     0.750000         8910         4.00
       1.322     0.775000         9208         4.44
       1.340     0.800000         9511         5.00
       1.359     0.825000         9801         5.71
       1.379     0.850000        10103         6.67
       1.403     0.875000        10395         8.00
       1.416     0.887500        10539         8.89
       1.433     0.900000        10698        10.00
       1.451     0.912500        10835        11.43
       1.473     0.925000        10986        13.33
       1.497     0.937500        11133        16.00
       1.512     0.943750        11209        17.78
       1.525     0.950000        11284        20.00
       1.542     0.956250        11355        22.86
       1.562     0.962500        11431        26.67
       1.584     0.968750        11502        32.00
       1.604     0.971875        11543        35.56
       1.618     0.975000        11577        40.00
       1.637     0.978125        11615        45.71
       1.657     0.981250        11651        53.33
       1.681     0.984375        11688        64.00
       1.705     0.985938        11710        71.11
       1.722     0.987500        11727        80.00
       1.766     0.989062        11744        91.43
       1.788     0.990625        11763       106.67
       1.832     0.992188        11781       128.00
       1.854     0.992969        11790       142.22
       1.881     0.993750        11799       160.00
       1.965     0.994531        11809       182.86
       2.089     0.995313        11818       213.33
       2.211     0.996094        11827       256.00
       2.305     0.996484        11832       284.44
       2.341     0.996875        11836       320.00
       2.425     0.997266        11841       365.71
       2.565     0.997656        11846       426.67
       2.705     0.998047        11850       512.00
       2.939     0.998242        11853       568.89
       3.015     0.998437        11855       640.00
       3.027     0.998633        11857       731.43
       3.173     0.998828        11860       853.33
       3.213     0.999023        11862      1024.00
       3.265     0.999121        11863      1137.78
       3.479     0.999219        11864      1280.00
       3.485     0.999316        11865      1462.86
       3.517     0.999414        11867      1706.67
       3.581     0.999512        11868      2048.00
       3.581     0.999561        11868      2275.56
       4.127     0.999609        11869      2560.00
       4.127     0.999658        11869      2925.71
       4.219     0.999707        11870      3413.33
       4.319     0.999756        11871      4096.00
       4.319     0.999780        11871      4551.11
       4.319     0.999805        11871      5120.00
       4.319     0.999829        11871      5851.43
       4.355     0.999854        11872      6826.67
       4.355     0.999878        11872      8192.00
       4.355     0.999890        11872      9102.22
       4.355     0.999902        11872     10240.00
       4.355     0.999915        11872     11702.86
       4.471     0.999927        11873     13653.33
       4.471     1.000000        11873          inf
#[Mean    =        1.215, StdDeviation   =        0.205]
#[Max     =        4.468, Total count    =        11873]
#[Buckets =           27, SubBuckets     =         2048]
-----------------------------------------------------------------------
  17855 requests in 30.01s, 2.98MB read
  Socket errors: connect 0, read 0, write 0, timeout 6
Requests/sec:    595.06  
Transfer/sec:    101.69KB
