Running 30s test @ http://10.99.59.146:8080/wrk2-api/post/compose
  4 threads and 200 connections

  Thread calibration: mean lat.: 72.188ms, rate sampling interval: 583ms
  Thread calibration: mean lat.: 56.955ms, rate sampling interval: 373ms
  Thread calibration: mean lat.: 54.797ms, rate sampling interval: 378ms
  Thread calibration: mean lat.: 62.973ms, rate sampling interval: 421ms

-----------------------------------------------------------------------
Test Results @ http://10.99.59.146:8080/wrk2-api/post/compose 
  Thread Stats   Avg      Stdev     99%   +/- Stdev
    Latency   208.46ms  500.79ms   2.24s    88.30%
    Req/Sec   133.72     31.41   188.00     67.20%
  Latency Distribution (HdrHistogram - Recorded Latency)
 50.000%   10.53ms
 75.000%   15.24ms
 90.000%  867.33ms
 99.000%    2.24s 
 99.900%    3.16s 
 99.990%    3.70s 
 99.999%    3.86s 
100.000%    3.86s 

  Detailed Percentile spectrum:
       Value   Percentile   TotalCount 1/(1-Percentile)

       6.647     0.000000            1         1.00
       8.059     0.100000         1069         1.11
       8.631     0.200000         2135         1.25
       9.167     0.300000         3192         1.43
       9.775     0.400000         4254         1.67
      10.535     0.500000         5319         2.00
      11.031     0.550000         5855         2.22
      11.631     0.600000         6381         2.50
      12.431     0.650000         6911         2.86
      13.439     0.700000         7445         3.33
      15.239     0.750000         7974         4.00
      16.879     0.775000         8241         4.44
      21.679     0.800000         8506         5.00
     307.455     0.825000         8772         5.71
     455.679     0.850000         9038         6.67
     636.927     0.875000         9303         8.00
     755.199     0.887500         9436         8.89
     867.327     0.900000         9570        10.00
     994.303     0.912500         9703        11.43
    1123.327     0.925000         9836        13.33
    1303.551     0.937500         9968        16.00
    1382.399     0.943750        10035        17.78
    1457.151     0.950000        10101        20.00
    1539.071     0.956250        10167        22.86
    1636.351     0.962500        10234        26.67
    1740.799     0.968750        10300        32.00
    1788.927     0.971875        10333        35.56
    1836.031     0.975000        10367        40.00
    1887.231     0.978125        10400        45.71
    1973.247     0.981250        10433        53.33
    2056.191     0.984375        10466        64.00
    2107.391     0.985938        10484        71.11
    2150.399     0.987500        10501        80.00
    2197.503     0.989062        10516        91.43
    2263.039     0.990625        10533       106.67
    2338.815     0.992188        10549       128.00
    2402.303     0.992969        10558       142.22
    2467.839     0.993750        10566       160.00
    2527.231     0.994531        10574       182.86
    2629.631     0.995313        10583       213.33
    2703.359     0.996094        10591       256.00
    2736.127     0.996484        10595       284.44
    2766.847     0.996875        10599       320.00
    2801.663     0.997266        10603       365.71
    2918.399     0.997656        10608       426.67
    2992.127     0.998047        10612       512.00
    3020.799     0.998242        10614       568.89
    3051.519     0.998437        10616       640.00
    3057.663     0.998633        10618       731.43
    3088.383     0.998828        10620       853.33
    3180.543     0.999023        10622      1024.00
    3233.791     0.999121        10623      1137.78
    3262.463     0.999219        10624      1280.00
    3307.519     0.999316        10625      1462.86
    3448.831     0.999414        10626      1706.67
    3463.167     0.999512        10627      2048.00
    3469.311     0.999561        10628      2275.56
    3469.311     0.999609        10628      2560.00
    3538.943     0.999658        10629      2925.71
    3538.943     0.999707        10629      3413.33
    3655.679     0.999756        10630      4096.00
    3655.679     0.999780        10630      4551.11
    3655.679     0.999805        10630      5120.00
    3698.687     0.999829        10631      5851.43
    3698.687     0.999854        10631      6826.67
    3698.687     0.999878        10631      8192.00
    3698.687     0.999890        10631      9102.22
    3698.687     0.999902        10631     10240.00
    3856.383     0.999915        10632     11702.86
    3856.383     1.000000        10632          inf
#[Mean    =      208.463, StdDeviation   =      500.785]
#[Max     =     3854.336, Total count    =        10632]
#[Buckets =           27, SubBuckets     =         2048]
-----------------------------------------------------------------------
  16596 requests in 30.00s, 3.02MB read
  Socket errors: connect 0, read 0, write 0, timeout 5
Requests/sec:    553.12  
Transfer/sec:    103.18KB
