Running 30s test @ http://10.99.59.146:8080/wrk2-api/home-timeline/read
  4 threads and 200 connections

  Thread calibration: mean lat.: 2.426ms, rate sampling interval: 10ms
  Thread calibration: mean lat.: 2.817ms, rate sampling interval: 10ms
  Thread calibration: mean lat.: 2.647ms, rate sampling interval: 10ms
  Thread calibration: mean lat.: 2.664ms, rate sampling interval: 10ms

-----------------------------------------------------------------------
Test Results @ http://10.99.59.146:8080/wrk2-api/home-timeline/read 
  Thread Stats   Avg      Stdev     99%   +/- Stdev
    Latency     1.19ms  202.84us   1.78ms   78.39%
    Req/Sec   181.82    139.84   555.00     64.34%
  Latency Distribution (HdrHistogram - Recorded Latency)
 50.000%    1.17ms
 75.000%    1.28ms
 90.000%    1.41ms
 99.000%    1.78ms
 99.900%    3.25ms
 99.990%    4.20ms
 99.999%    4.26ms
100.000%    4.26ms

  Detailed Percentile spectrum:
       Value   Percentile   TotalCount 1/(1-Percentile)

       0.723     0.000000            1         1.00
       0.987     0.100000         1395         1.11
       1.044     0.200000         2752         1.25
       1.089     0.300000         4147         1.43
       1.129     0.400000         5504         1.67
       1.167     0.500000         6904         2.00
       1.186     0.550000         7586         2.22
       1.207     0.600000         8277         2.50
       1.229     0.650000         8957         2.86
       1.253     0.700000         9641         3.33
       1.281     0.750000        10331         4.00
       1.298     0.775000        10672         4.44
       1.316     0.800000        11009         5.00
       1.336     0.825000        11371         5.71
       1.359     0.850000        11695         6.67
       1.384     0.875000        12052         8.00
       1.397     0.887500        12211         8.89
       1.414     0.900000        12390        10.00
       1.428     0.912500        12555        11.43
       1.449     0.925000        12732        13.33
       1.473     0.937500        12905        16.00
       1.487     0.943750        12995        17.78
       1.503     0.950000        13081        20.00
       1.521     0.956250        13162        22.86
       1.542     0.962500        13244        26.67
       1.570     0.968750        13329        32.00
       1.587     0.971875        13375        35.56
       1.601     0.975000        13417        40.00
       1.633     0.978125        13459        45.71
       1.657     0.981250        13501        53.33
       1.694     0.984375        13545        64.00
       1.713     0.985938        13565        71.11
       1.732     0.987500        13588        80.00
       1.755     0.989062        13608        91.43
       1.796     0.990625        13631       106.67
       1.833     0.992188        13651       128.00
       1.862     0.992969        13662       142.22
       1.896     0.993750        13673       160.00
       1.943     0.994531        13683       182.86
       2.020     0.995313        13694       213.33
       2.137     0.996094        13705       256.00
       2.225     0.996484        13710       284.44
       2.273     0.996875        13716       320.00
       2.375     0.997266        13721       365.71
       2.483     0.997656        13726       426.67
       2.613     0.998047        13732       512.00
       2.655     0.998242        13734       568.89
       2.787     0.998437        13737       640.00
       3.059     0.998633        13740       731.43
       3.211     0.998828        13742       853.33
       3.309     0.999023        13745      1024.00
       3.339     0.999121        13746      1137.78
       3.407     0.999219        13748      1280.00
       3.419     0.999316        13749      1462.86
       3.433     0.999414        13750      1706.67
       3.481     0.999512        13752      2048.00
       3.481     0.999561        13752      2275.56
       3.531     0.999609        13753      2560.00
       3.747     0.999658        13754      2925.71
       3.747     0.999707        13754      3413.33
       3.789     0.999756        13755      4096.00
       3.789     0.999780        13755      4551.11
       3.991     0.999805        13756      5120.00
       3.991     0.999829        13756      5851.43
       3.991     0.999854        13756      6826.67
       4.203     0.999878        13757      8192.00
       4.203     0.999890        13757      9102.22
       4.203     0.999902        13757     10240.00
       4.203     0.999915        13757     11702.86
       4.203     0.999927        13757     13653.33
       4.263     0.999939        13758     16384.00
       4.263     1.000000        13758          inf
#[Mean    =        1.192, StdDeviation   =        0.203]
#[Max     =        4.260, Total count    =        13758]
#[Buckets =           27, SubBuckets     =         2048]
-----------------------------------------------------------------------
  20706 requests in 30.01s, 3.46MB read
  Socket errors: connect 0, read 0, write 0, timeout 3
Requests/sec:    689.92  
Transfer/sec:    117.91KB
