Running 30s test @ http://10.99.59.146:8080/wrk2-api/post/compose
  4 threads and 200 connections

  Thread calibration: mean lat.: 81.655ms, rate sampling interval: 602ms
  Thread calibration: mean lat.: 68.050ms, rate sampling interval: 463ms
  Thread calibration: mean lat.: 75.058ms, rate sampling interval: 509ms
  Thread calibration: mean lat.: 81.122ms, rate sampling interval: 565ms

-----------------------------------------------------------------------
Test Results @ http://10.99.59.146:8080/wrk2-api/post/compose 
  Thread Stats   Avg      Stdev     99%   +/- Stdev
    Latency   649.54ms    1.19s    4.73s    84.20%
    Req/Sec   136.08     44.39   218.00     56.00%
  Latency Distribution (HdrHistogram - Recorded Latency)
 50.000%   15.41ms
 75.000%  819.20ms
 90.000%    2.61s 
 99.000%    4.73s 
 99.900%    5.65s 
 99.990%    6.02s 
 99.999%    6.14s 
100.000%    6.14s 

  Detailed Percentile spectrum:
       Value   Percentile   TotalCount 1/(1-Percentile)

       6.631     0.000000            1         1.00
       9.007     0.100000         1098         1.11
      10.127     0.200000         2182         1.25
      11.367     0.300000         3272         1.43
      13.071     0.400000         4356         1.67
      15.407     0.500000         5442         2.00
      17.007     0.550000         5990         2.22
      19.567     0.600000         6529         2.50
      24.159     0.650000         7074         2.86
     346.367     0.700000         7617         3.33
     819.199     0.750000         8161         4.00
    1060.863     0.775000         8433         4.44
    1325.055     0.800000         8707         5.00
    1609.727     0.825000         8977         5.71
    1943.551     0.850000         9249         6.67
    2271.231     0.875000         9522         8.00
    2433.023     0.887500         9657         8.89
    2605.055     0.900000         9793        10.00
    2801.663     0.912500         9929        11.43
    3000.319     0.925000        10065        13.33
    3209.215     0.937500        10201        16.00
    3325.951     0.943750        10269        17.78
    3457.023     0.950000        10338        20.00
    3586.047     0.956250        10405        22.86
    3747.839     0.962500        10473        26.67
    3921.919     0.968750        10541        32.00
    4005.887     0.971875        10576        35.56
    4104.191     0.975000        10610        40.00
    4194.303     0.978125        10643        45.71
    4300.799     0.981250        10677        53.33
    4464.639     0.984375        10711        64.00
    4562.943     0.985938        10729        71.11
    4616.191     0.987500        10746        80.00
    4685.823     0.989062        10763        91.43
    4763.647     0.990625        10779       106.67
    4857.855     0.992188        10797       128.00
    4915.199     0.992969        10806       142.22
    4964.351     0.993750        10814       160.00
    5029.887     0.994531        10822       182.86
    5111.807     0.995313        10831       213.33
    5165.055     0.996094        10839       256.00
    5197.823     0.996484        10843       284.44
    5296.127     0.996875        10847       320.00
    5382.143     0.997266        10852       365.71
    5427.199     0.997656        10856       426.67
    5459.967     0.998047        10860       512.00
    5509.119     0.998242        10862       568.89
    5525.503     0.998437        10864       640.00
    5619.711     0.998633        10867       731.43
    5640.191     0.998828        10869       853.33
    5672.959     0.999023        10871      1024.00
    5685.247     0.999121        10872      1137.78
    5697.535     0.999219        10873      1280.00
    5701.631     0.999316        10874      1462.86
    5758.975     0.999414        10875      1706.67
    5775.359     0.999512        10876      2048.00
    5799.935     0.999561        10877      2275.56
    5799.935     0.999609        10877      2560.00
    5873.663     0.999658        10878      2925.71
    5873.663     0.999707        10878      3413.33
    5935.103     0.999756        10879      4096.00
    5935.103     0.999780        10879      4551.11
    5935.103     0.999805        10879      5120.00
    6021.119     0.999829        10880      5851.43
    6021.119     0.999854        10880      6826.67
    6021.119     0.999878        10880      8192.00
    6021.119     0.999890        10880      9102.22
    6021.119     0.999902        10880     10240.00
    6135.807     0.999915        10881     11702.86
    6135.807     1.000000        10881          inf
#[Mean    =      649.544, StdDeviation   =     1188.155]
#[Max     =     6131.712, Total count    =        10881]
#[Buckets =           27, SubBuckets     =         2048]
-----------------------------------------------------------------------
  17846 requests in 30.05s, 3.25MB read
  Socket errors: connect 0, read 0, write 0, timeout 2
Requests/sec:    593.84  
Transfer/sec:    110.76KB
