Running 30s test @ http://10.99.59.146:8080/wrk2-api/home-timeline/read
  4 threads and 200 connections

  Thread calibration: mean lat.: 2.497ms, rate sampling interval: 10ms
  Thread calibration: mean lat.: 2.586ms, rate sampling interval: 10ms
  Thread calibration: mean lat.: 2.429ms, rate sampling interval: 10ms
  Thread calibration: mean lat.: 1.254ms, rate sampling interval: 10ms

-----------------------------------------------------------------------
Test Results @ http://10.99.59.146:8080/wrk2-api/home-timeline/read 
  Thread Stats   Avg      Stdev     99%   +/- Stdev
    Latency     1.24ms  518.74us   2.70ms   97.41%
    Req/Sec   209.53    149.98   600.00     71.76%
  Latency Distribution (HdrHistogram - Recorded Latency)
 50.000%    1.16ms
 75.000%    1.29ms
 90.000%    1.46ms
 99.000%    2.70ms
 99.900%    8.79ms
 99.990%   10.60ms
 99.999%   12.02ms
100.000%   12.02ms

  Detailed Percentile spectrum:
       Value   Percentile   TotalCount 1/(1-Percentile)

       0.737     0.000000            1         1.00
       0.981     0.100000         1593         1.11
       1.039     0.200000         3187         1.25
       1.084     0.300000         4773         1.43
       1.124     0.400000         6346         1.67
       1.163     0.500000         7936         2.00
       1.183     0.550000         8748         2.22
       1.204     0.600000         9527         2.50
       1.228     0.650000        10312         2.86
       1.258     0.700000        11119         3.33
       1.291     0.750000        11904         4.00
       1.310     0.775000        12296         4.44
       1.334     0.800000        12707         5.00
       1.356     0.825000        13097         5.71
       1.385     0.850000        13489         6.67
       1.415     0.875000        13881         8.00
       1.435     0.887500        14084         8.89
       1.456     0.900000        14284        10.00
       1.478     0.912500        14477        11.43
       1.506     0.925000        14677        13.33
       1.540     0.937500        14883        16.00
       1.557     0.943750        14979        17.78
       1.580     0.950000        15073        20.00
       1.604     0.956250        15173        22.86
       1.641     0.962500        15270        26.67
       1.686     0.968750        15369        32.00
       1.724     0.971875        15419        35.56
       1.764     0.975000        15468        40.00
       1.844     0.978125        15517        45.71
       1.940     0.981250        15567        53.33
       2.085     0.984375        15617        64.00
       2.173     0.985938        15641        71.11
       2.379     0.987500        15666        80.00
       2.525     0.989062        15691        91.43
       2.815     0.990625        15716       106.67
       3.307     0.992188        15741       128.00
       3.669     0.992969        15753       142.22
       4.067     0.993750        15765       160.00
       4.611     0.994531        15778       182.86
       5.251     0.995313        15790       213.33
       5.803     0.996094        15803       256.00
       6.267     0.996484        15809       284.44
       6.643     0.996875        15815       320.00
       6.875     0.997266        15821       365.71
       7.095     0.997656        15827       426.67
       7.683     0.998047        15834       512.00
       7.903     0.998242        15837       568.89
       7.983     0.998437        15840       640.00
       8.375     0.998633        15843       731.43
       8.471     0.998828        15846       853.33
       8.799     0.999023        15849      1024.00
       8.927     0.999121        15851      1137.78
       8.951     0.999219        15852      1280.00
       9.047     0.999316        15854      1462.86
       9.071     0.999414        15855      1706.67
       9.335     0.999512        15857      2048.00
       9.695     0.999561        15858      2275.56
       9.695     0.999609        15858      2560.00
      10.023     0.999658        15859      2925.71
      10.071     0.999707        15860      3413.33
      10.591     0.999756        15861      4096.00
      10.591     0.999780        15861      4551.11
      10.591     0.999805        15861      5120.00
      10.599     0.999829        15862      5851.43
      10.599     0.999854        15862      6826.67
      11.335     0.999878        15863      8192.00
      11.335     0.999890        15863      9102.22
      11.335     0.999902        15863     10240.00
      11.335     0.999915        15863     11702.86
      11.335     0.999927        15863     13653.33
      12.023     0.999939        15864     16384.00
      12.023     1.000000        15864          inf
#[Mean    =        1.236, StdDeviation   =        0.519]
#[Max     =       12.016, Total count    =        15864]
#[Buckets =           27, SubBuckets     =         2048]
-----------------------------------------------------------------------
  23652 requests in 30.01s, 3.95MB read
  Socket errors: connect 0, read 0, write 0, timeout 3
Requests/sec:    788.25  
Transfer/sec:    134.71KB
