Running 30s test @ http://10.99.59.146:8080/wrk2-api/post/compose
  4 threads and 200 connections

  Thread calibration: mean lat.: 184.635ms, rate sampling interval: 1248ms
  Thread calibration: mean lat.: 145.341ms, rate sampling interval: 950ms
  Thread calibration: mean lat.: 164.278ms, rate sampling interval: 1133ms
  Thread calibration: mean lat.: 138.692ms, rate sampling interval: 882ms

-----------------------------------------------------------------------
Test Results @ http://10.99.59.146:8080/wrk2-api/post/compose 
  Thread Stats   Avg      Stdev     99%   +/- Stdev
    Latency     1.30s     2.03s    7.18s    81.86%
    Req/Sec   131.43     55.87   219.00     69.33%
  Latency Distribution (HdrHistogram - Recorded Latency)
 50.000%   36.10ms
 75.000%    2.21s 
 90.000%    4.83s 
 99.000%    7.18s 
 99.900%    8.28s 
 99.990%    8.80s 
 99.999%    8.90s 
100.000%    8.90s 

  Detailed Percentile spectrum:
       Value   Percentile   TotalCount 1/(1-Percentile)

       7.023     0.000000            1         1.00
      10.767     0.100000         1044         1.11
      13.391     0.200000         2081         1.25
      17.039     0.300000         3121         1.43
      23.055     0.400000         4163         1.67
      36.095     0.500000         5200         2.00
      56.415     0.550000         5720         2.22
     121.855     0.600000         6239         2.50
     743.935     0.650000         6759         2.86
    1420.287     0.700000         7279         3.33
    2209.791     0.750000         7799         4.00
    2633.727     0.775000         8061         4.44
    3018.751     0.800000         8319         5.00
    3440.639     0.825000         8579         5.71
    3891.199     0.850000         8839         6.67
    4378.623     0.875000         9101         8.00
    4587.519     0.887500         9229         8.89
    4833.279     0.900000         9360        10.00
    5038.079     0.912500         9489        11.43
    5316.607     0.925000         9620        13.33
    5554.175     0.937500         9749        16.00
    5701.631     0.943750         9816        17.78
    5869.567     0.950000         9880        20.00
    6012.927     0.956250         9946        22.86
    6209.535     0.962500        10010        26.67
    6352.895     0.968750        10074        32.00
    6451.199     0.971875        10107        35.56
    6557.695     0.975000        10139        40.00
    6672.383     0.978125        10171        45.71
    6774.783     0.981250        10207        53.33
    6926.335     0.984375        10237        64.00
    7004.159     0.985938        10252        71.11
    7065.599     0.987500        10269        80.00
    7127.039     0.989062        10286        91.43
    7233.535     0.990625        10301       106.67
    7323.647     0.992188        10317       128.00
    7372.799     0.992969        10328       142.22
    7426.047     0.993750        10334       160.00
    7573.503     0.994531        10342       182.86
    7622.655     0.995313        10350       213.33
    7663.615     0.996094        10358       256.00
    7741.439     0.996484        10363       284.44
    7761.919     0.996875        10366       320.00
    7888.895     0.997266        10370       365.71
    7946.239     0.997656        10374       426.67
    8011.775     0.998047        10378       512.00
    8081.407     0.998242        10380       568.89
    8110.079     0.998437        10382       640.00
    8179.711     0.998633        10384       731.43
    8241.151     0.998828        10386       853.33
    8282.111     0.999023        10388      1024.00
    8286.207     0.999121        10389      1137.78
    8380.415     0.999219        10390      1280.00
    8445.951     0.999316        10391      1462.86
    8552.447     0.999414        10392      1706.67
    8601.599     0.999512        10393      2048.00
    8642.559     0.999561        10394      2275.56
    8642.559     0.999609        10394      2560.00
    8691.711     0.999658        10395      2925.71
    8691.711     0.999707        10395      3413.33
    8724.479     0.999756        10396      4096.00
    8724.479     0.999780        10396      4551.11
    8724.479     0.999805        10396      5120.00
    8798.207     0.999829        10397      5851.43
    8798.207     0.999854        10397      6826.67
    8798.207     0.999878        10397      8192.00
    8798.207     0.999890        10397      9102.22
    8798.207     0.999902        10397     10240.00
    8896.511     0.999915        10398     11702.86
    8896.511     1.000000        10398          inf
#[Mean    =     1301.547, StdDeviation   =     2028.537]
#[Max     =     8888.320, Total count    =        10398]
#[Buckets =           27, SubBuckets     =         2048]
-----------------------------------------------------------------------
  18376 requests in 30.01s, 3.35MB read
  Socket errors: connect 0, read 0, write 0, timeout 1
Requests/sec:    612.43  
Transfer/sec:    114.23KB
