Running 30s test @ http://10.99.59.146:8080/wrk2-api/post/compose
  4 threads and 200 connections

  Thread calibration: mean lat.: 724.943ms, rate sampling interval: 2836ms
  Thread calibration: mean lat.: 760.771ms, rate sampling interval: 3129ms
  Thread calibration: mean lat.: 691.198ms, rate sampling interval: 2553ms
  Thread calibration: mean lat.: 671.688ms, rate sampling interval: 2717ms

-----------------------------------------------------------------------
Test Results @ http://10.99.59.146:8080/wrk2-api/post/compose 
  Thread Stats   Avg      Stdev     99%   +/- Stdev
    Latency     2.74s     2.66s    9.99s    80.96%
    Req/Sec   130.85     57.75   223.00     70.37%
  Latency Distribution (HdrHistogram - Recorded Latency)
 50.000%    1.57s 
 75.000%    4.27s 
 90.000%    7.18s 
 99.000%    9.99s 
 99.900%   11.64s 
 99.990%   12.39s 
 99.999%   13.03s 
100.000%   13.03s 

  Detailed Percentile spectrum:
       Value   Percentile   TotalCount 1/(1-Percentile)

     185.855     0.000000            1         1.00
     378.111     0.100000         1025         1.11
     594.943     0.200000         2051         1.25
     855.039     0.300000         3074         1.43
    1158.143     0.400000         4102         1.67
    1567.743     0.500000         5125         2.00
    1827.839     0.550000         5640         2.22
    2187.263     0.600000         6151         2.50
    2707.455     0.650000         6662         2.86
    3379.199     0.700000         7175         3.33
    4272.127     0.750000         7685         4.00
    4747.263     0.775000         7943         4.44
    5222.399     0.800000         8200         5.00
    5685.247     0.825000         8453         5.71
    6180.863     0.850000         8711         6.67
    6668.287     0.875000         8966         8.00
    6938.623     0.887500         9094         8.89
    7180.287     0.900000         9223        10.00
    7446.527     0.912500         9351        11.43
    7696.383     0.925000         9478        13.33
    7995.391     0.937500         9606        16.00
    8151.039     0.943750         9670        17.78
    8302.591     0.950000         9734        20.00
    8462.335     0.956250         9799        22.86
    8658.943     0.962500         9862        26.67
    8880.127     0.968750         9928        32.00
    8986.623     0.971875         9958        35.56
    9142.271     0.975000         9995        40.00
    9256.959     0.978125        10022        45.71
    9412.607     0.981250        10055        53.33
    9617.407     0.984375        10090        64.00
    9674.751     0.985938        10102        71.11
    9814.015     0.987500        10121        80.00
    9904.127     0.989062        10134        91.43
   10043.391     0.990625        10150       106.67
   10158.079     0.992188        10166       128.00
   10223.615     0.992969        10175       142.22
   10321.919     0.993750        10183       160.00
   10420.223     0.994531        10190       182.86
   10551.295     0.995313        10198       213.33
   10674.175     0.996094        10206       256.00
   10756.095     0.996484        10210       284.44
   10813.439     0.996875        10214       320.00
   10936.319     0.997266        10218       365.71
   11075.583     0.997656        10222       426.67
   11165.695     0.998047        10226       512.00
   11272.191     0.998242        10228       568.89
   11354.111     0.998437        10230       640.00
   11395.071     0.998633        10232       731.43
   11608.063     0.998828        10234       853.33
   11640.831     0.999023        10236      1024.00
   11681.791     0.999121        10237      1137.78
   11689.983     0.999219        10238      1280.00
   11698.175     0.999316        10239      1462.86
   11747.327     0.999414        10240      1706.67
   11993.087     0.999512        10241      2048.00
   12124.159     0.999561        10242      2275.56
   12124.159     0.999609        10242      2560.00
   12230.655     0.999658        10243      2925.71
   12230.655     0.999707        10243      3413.33
   12386.303     0.999756        10244      4096.00
   12386.303     0.999780        10244      4551.11
   12386.303     0.999805        10244      5120.00
   12394.495     0.999829        10245      5851.43
   12394.495     0.999854        10245      6826.67
   12394.495     0.999878        10245      8192.00
   12394.495     0.999890        10245      9102.22
   12394.495     0.999902        10245     10240.00
   13025.279     0.999915        10246     11702.86
   13025.279     1.000000        10246          inf
#[Mean    =     2738.886, StdDeviation   =     2657.426]
#[Max     =    13017.088, Total count    =        10246]
#[Buckets =           27, SubBuckets     =         2048]
-----------------------------------------------------------------------
  18479 requests in 30.03s, 3.37MB read
Requests/sec:    615.28  
Transfer/sec:    114.76KB
