Running 30s test @ http://10.99.59.146:8080/wrk2-api/home-timeline/read
  4 threads and 200 connections

  Thread calibration: mean lat.: 7.746ms, rate sampling interval: 10ms
  Thread calibration: mean lat.: 7.597ms, rate sampling interval: 10ms
  Thread calibration: mean lat.: 7.486ms, rate sampling interval: 10ms
  Thread calibration: mean lat.: 8.373ms, rate sampling interval: 10ms

-----------------------------------------------------------------------
Test Results @ http://10.99.59.146:8080/wrk2-api/home-timeline/read 
  Thread Stats   Avg      Stdev     99%   +/- Stdev
    Latency     1.18ms  221.90us   1.88ms   79.54%
    Req/Sec   235.89    158.00   666.00     70.49%
  Latency Distribution (HdrHistogram - Recorded Latency)
 50.000%    1.14ms
 75.000%    1.26ms
 90.000%    1.42ms
 99.000%    1.88ms
 99.900%    3.37ms
 99.990%    4.54ms
 99.999%    4.83ms
100.000%    4.83ms

  Detailed Percentile spectrum:
       Value   Percentile   TotalCount 1/(1-Percentile)

       0.725     0.000000            1         1.00
       0.961     0.100000         1810         1.11
       1.019     0.200000         3599         1.25
       1.064     0.300000         5391         1.43
       1.105     0.400000         7161         1.67
       1.143     0.500000         8926         2.00
       1.164     0.550000         9840         2.22
       1.184     0.600000        10728         2.50
       1.208     0.650000        11632         2.86
       1.234     0.700000        12528         3.33
       1.263     0.750000        13387         4.00
       1.282     0.775000        13837         4.44
       1.303     0.800000        14285         5.00
       1.327     0.825000        14732         5.71
       1.355     0.850000        15184         6.67
       1.385     0.875000        15624         8.00
       1.401     0.887500        15853         8.89
       1.417     0.900000        16069        10.00
       1.436     0.912500        16292        11.43
       1.458     0.925000        16519        13.33
       1.488     0.937500        16739        16.00
       1.504     0.943750        16848        17.78
       1.524     0.950000        16963        20.00
       1.544     0.956250        17075        22.86
       1.567     0.962500        17183        26.67
       1.593     0.968750        17292        32.00
       1.611     0.971875        17347        35.56
       1.638     0.975000        17403        40.00
       1.664     0.978125        17459        45.71
       1.691     0.981250        17515        53.33
       1.737     0.984375        17572        64.00
       1.767     0.985938        17598        71.11
       1.810     0.987500        17626        80.00
       1.853     0.989062        17655        91.43
       1.911     0.990625        17683       106.67
       1.988     0.992188        17710       128.00
       2.023     0.992969        17724       142.22
       2.071     0.993750        17738       160.00
       2.119     0.994531        17752       182.86
       2.173     0.995313        17766       213.33
       2.249     0.996094        17781       256.00
       2.301     0.996484        17787       284.44
       2.369     0.996875        17794       320.00
       2.459     0.997266        17801       365.71
       2.565     0.997656        17808       426.67
       2.621     0.998047        17815       512.00
       2.807     0.998242        17818       568.89
       2.927     0.998437        17822       640.00
       3.145     0.998633        17825       731.43
       3.299     0.998828        17829       853.33
       3.387     0.999023        17832      1024.00
       3.443     0.999121        17834      1137.78
       3.495     0.999219        17836      1280.00
       3.539     0.999316        17837      1462.86
       3.623     0.999414        17839      1706.67
       3.763     0.999512        17841      2048.00
       3.773     0.999561        17842      2275.56
       3.783     0.999609        17843      2560.00
       3.783     0.999658        17843      2925.71
       4.019     0.999707        17845      3413.33
       4.019     0.999756        17845      4096.00
       4.295     0.999780        17846      4551.11
       4.295     0.999805        17846      5120.00
       4.295     0.999829        17846      5851.43
       4.543     0.999854        17847      6826.67
       4.543     0.999878        17847      8192.00
       4.667     0.999890        17848      9102.22
       4.667     0.999902        17848     10240.00
       4.667     0.999915        17848     11702.86
       4.667     0.999927        17848     13653.33
       4.667     0.999939        17848     16384.00
       4.831     0.999945        17849     18204.44
       4.831     1.000000        17849          inf
#[Mean    =        1.176, StdDeviation   =        0.222]
#[Max     =        4.828, Total count    =        17849]
#[Buckets =           27, SubBuckets     =         2048]
-----------------------------------------------------------------------
  26806 requests in 30.01s, 4.47MB read
Requests/sec:    893.16  
Transfer/sec:    152.64KB
