Running 30s test @ http://10.105.96.67:8080/wrk2-api/post/compose
  4 threads and 200 connections

  Thread calibration: mean lat.: 1058.587ms, rate sampling interval: 4012ms
  Thread calibration: mean lat.: 1014.387ms, rate sampling interval: 3676ms
  Thread calibration: mean lat.: 986.353ms, rate sampling interval: 3690ms
  Thread calibration: mean lat.: 1105.355ms, rate sampling interval: 4018ms

-----------------------------------------------------------------------
Test Results @ http://10.105.96.67:8080/wrk2-api/post/compose 
  Thread Stats   Avg      Stdev     99%   +/- Stdev
    Latency     3.92s     3.11s   11.90s    68.89%
    Req/Sec   136.67     55.77   219.00     77.78%
  Latency Distribution (HdrHistogram - Recorded Latency)
 50.000%    2.83s 
 75.000%    6.06s 
 90.000%    8.92s 
 99.000%   11.90s 
 99.900%   13.28s 
 99.990%   14.52s 
 99.999%   15.03s 
100.000%   15.03s 

  Detailed Percentile spectrum:
       Value   Percentile   TotalCount 1/(1-Percentile)

     195.455     0.000000            1         1.00
     731.647     0.100000         1045         1.11
    1225.727     0.200000         2089         1.25
    1718.271     0.300000         3133         1.43
    2207.743     0.400000         4181         1.67
    2826.239     0.500000         5222         2.00
    3166.207     0.550000         5744         2.22
    3606.527     0.600000         6266         2.50
    4259.839     0.650000         6788         2.86
    5111.807     0.700000         7311         3.33
    6062.079     0.750000         7835         4.00
    6516.735     0.775000         8096         4.44
    6991.871     0.800000         8357         5.00
    7442.431     0.825000         8620         5.71
    7905.279     0.850000         8877         6.67
    8396.799     0.875000         9140         8.00
    8642.559     0.887500         9278         8.89
    8921.087     0.900000         9401        10.00
    9183.231     0.912500         9530        11.43
    9478.143     0.925000         9662        13.33
    9797.631     0.937500         9793        16.00
    9969.663     0.943750         9862        17.78
   10158.079     0.950000         9925        20.00
   10338.303     0.956250         9989        22.86
   10518.527     0.962500        10053        26.67
   10764.287     0.968750        10117        32.00
   10854.399     0.971875        10150        35.56
   11018.239     0.975000        10182        40.00
   11157.503     0.978125        10219        45.71
   11329.535     0.981250        10248        53.33
   11550.719     0.984375        10281        64.00
   11624.447     0.985938        10297        71.11
   11698.175     0.987500        10314        80.00
   11804.671     0.989062        10329        91.43
   11943.935     0.990625        10346       106.67
   12058.623     0.992188        10362       128.00
   12165.119     0.992969        10370       142.22
   12279.807     0.993750        10378       160.00
   12394.495     0.994531        10387       182.86
   12427.263     0.995313        10395       213.33
   12541.951     0.996094        10403       256.00
   12623.871     0.996484        10407       284.44
   12664.831     0.996875        10411       320.00
   12722.175     0.997266        10415       365.71
   12795.903     0.997656        10419       426.67
   12918.783     0.998047        10423       512.00
   12976.127     0.998242        10425       568.89
   13058.047     0.998437        10427       640.00
   13107.199     0.998633        10429       731.43
   13123.583     0.998828        10431       853.33
   13279.231     0.999023        10433      1024.00
   13377.535     0.999121        10434      1137.78
   13393.919     0.999219        10435      1280.00
   13443.071     0.999316        10436      1462.86
   13606.911     0.999414        10437      1706.67
   13631.487     0.999512        10438      2048.00
   13828.095     0.999561        10439      2275.56
   13828.095     0.999609        10439      2560.00
   14147.583     0.999658        10440      2925.71
   14147.583     0.999707        10440      3413.33
   14508.031     0.999756        10441      4096.00
   14508.031     0.999780        10441      4551.11
   14508.031     0.999805        10441      5120.00
   14516.223     0.999829        10442      5851.43
   14516.223     0.999854        10442      6826.67
   14516.223     0.999878        10442      8192.00
   14516.223     0.999890        10442      9102.22
   14516.223     0.999902        10442     10240.00
   15032.319     0.999915        10443     11702.86
   15032.319     1.000000        10443          inf
#[Mean    =     3917.163, StdDeviation   =     3114.937]
#[Max     =    15024.128, Total count    =        10443]
#[Buckets =           27, SubBuckets     =         2048]
-----------------------------------------------------------------------
  18995 requests in 30.00s, 3.46MB read
Requests/sec:    633.21  
Transfer/sec:    118.11KB
