Running 30s test @ http://10.105.96.67:8080/wrk2-api/home-timeline/read
  4 threads and 200 connections

  Thread calibration: mean lat.: 6.624ms, rate sampling interval: 10ms
  Thread calibration: mean lat.: 5.610ms, rate sampling interval: 10ms
  Thread calibration: mean lat.: 5.231ms, rate sampling interval: 10ms
  Thread calibration: mean lat.: 5.932ms, rate sampling interval: 10ms

-----------------------------------------------------------------------
Test Results @ http://10.105.96.67:8080/wrk2-api/home-timeline/read 
  Thread Stats   Avg      Stdev     99%   +/- Stdev
    Latency     1.16ms  248.10us   1.93ms   84.98%
    Req/Sec   264.03    167.85   700.00     74.29%
  Latency Distribution (HdrHistogram - Recorded Latency)
 50.000%    1.13ms
 75.000%    1.25ms
 90.000%    1.40ms
 99.000%    1.93ms
 99.900%    3.65ms
 99.990%    6.95ms
 99.999%    7.23ms
100.000%    7.23ms

  Detailed Percentile spectrum:
       Value   Percentile   TotalCount 1/(1-Percentile)

       0.713     0.000000            1         1.00
       0.945     0.100000         2005         1.11
       1.002     0.200000         4029         1.25
       1.046     0.300000         6007         1.43
       1.087     0.400000         8025         1.67
       1.127     0.500000        10043         2.00
       1.146     0.550000        11026         2.22
       1.168     0.600000        12031         2.50
       1.190     0.650000        12997         2.86
       1.217     0.700000        14033         3.33
       1.246     0.750000        15006         4.00
       1.265     0.775000        15509         4.44
       1.284     0.800000        16008         5.00
       1.305     0.825000        16497         5.71
       1.334     0.850000        17006         6.67
       1.363     0.875000        17492         8.00
       1.379     0.887500        17744         8.89
       1.397     0.900000        17992        10.00
       1.419     0.912500        18248        11.43
       1.442     0.925000        18488        13.33
       1.472     0.937500        18740        16.00
       1.492     0.943750        18867        17.78
       1.508     0.950000        18988        20.00
       1.532     0.956250        19113        22.86
       1.560     0.962500        19238        26.67
       1.595     0.968750        19366        32.00
       1.614     0.971875        19425        35.56
       1.640     0.975000        19489        40.00
       1.672     0.978125        19550        45.71
       1.717     0.981250        19613        53.33
       1.776     0.984375        19676        64.00
       1.813     0.985938        19708        71.11
       1.849     0.987500        19738        80.00
       1.898     0.989062        19769        91.43
       1.957     0.990625        19800       106.67
       2.049     0.992188        19831       128.00
       2.091     0.992969        19847       142.22
       2.125     0.993750        19864       160.00
       2.211     0.994531        19878       182.86
       2.309     0.995313        19894       213.33
       2.417     0.996094        19910       256.00
       2.501     0.996484        19917       284.44
       2.613     0.996875        19925       320.00
       2.715     0.997266        19933       365.71
       2.939     0.997656        19941       426.67
       3.131     0.998047        19948       512.00
       3.353     0.998242        19952       568.89
       3.445     0.998437        19956       640.00
       3.473     0.998633        19960       731.43
       3.607     0.998828        19964       853.33
       3.653     0.999023        19968      1024.00
       3.851     0.999121        19971      1137.78
       3.867     0.999219        19972      1280.00
       4.069     0.999316        19974      1462.86
       4.203     0.999414        19976      1706.67
       4.479     0.999512        19978      2048.00
       4.595     0.999561        19979      2275.56
       4.759     0.999609        19980      2560.00
       4.831     0.999658        19981      2925.71
       5.115     0.999707        19982      3413.33
       5.415     0.999756        19983      4096.00
       5.415     0.999780        19983      4551.11
       5.979     0.999805        19984      5120.00
       5.979     0.999829        19984      5851.43
       6.947     0.999854        19985      6826.67
       6.947     0.999878        19985      8192.00
       6.947     0.999890        19985      9102.22
       7.139     0.999902        19986     10240.00
       7.139     0.999915        19986     11702.86
       7.139     0.999927        19986     13653.33
       7.139     0.999939        19986     16384.00
       7.139     0.999945        19986     18204.44
       7.227     0.999951        19987     20480.00
       7.227     1.000000        19987          inf
#[Mean    =        1.163, StdDeviation   =        0.248]
#[Max     =        7.224, Total count    =        19987]
#[Buckets =           27, SubBuckets     =         2048]
-----------------------------------------------------------------------
  29887 requests in 30.00s, 4.99MB read
Requests/sec:    996.16  
Transfer/sec:    170.25KB
