Running 30s test @ http://10.105.96.67:8080/wrk2-api/post/compose
  4 threads and 200 connections

  Thread calibration: mean lat.: 22.788ms, rate sampling interval: 55ms
  Thread calibration: mean lat.: 26.510ms, rate sampling interval: 54ms
  Thread calibration: mean lat.: 22.489ms, rate sampling interval: 33ms
  Thread calibration: mean lat.: 19.787ms, rate sampling interval: 30ms

-----------------------------------------------------------------------
Test Results @ http://10.105.96.67:8080/wrk2-api/post/compose 
  Thread Stats   Avg      Stdev     99%   +/- Stdev
    Latency     8.98ms    2.85ms  18.19ms   92.11%
    Req/Sec   126.03     59.94   300.00     71.01%
  Latency Distribution (HdrHistogram - Recorded Latency)
 50.000%    8.33ms
 75.000%    9.52ms
 90.000%   11.28ms
 99.000%   18.19ms
 99.900%   49.34ms
 99.990%   67.01ms
 99.999%   71.74ms
100.000%   71.74ms

  Detailed Percentile spectrum:
       Value   Percentile   TotalCount 1/(1-Percentile)

       6.095     0.000000            1         1.00
       7.095     0.100000          999         1.11
       7.431     0.200000         1994         1.25
       7.731     0.300000         2986         1.43
       8.019     0.400000         3975         1.67
       8.327     0.500000         4968         2.00
       8.503     0.550000         5469         2.22
       8.703     0.600000         5953         2.50
       8.943     0.650000         6456         2.86
       9.191     0.700000         6947         3.33
       9.519     0.750000         7449         4.00
       9.711     0.775000         7696         4.44
       9.919     0.800000         7942         5.00
      10.175     0.825000         8189         5.71
      10.463     0.850000         8437         6.67
      10.815     0.875000         8686         8.00
      11.031     0.887500         8806         8.89
      11.279     0.900000         8934        10.00
      11.591     0.912500         9054        11.43
      11.951     0.925000         9179        13.33
      12.431     0.937500         9300        16.00
      12.687     0.943750         9363        17.78
      12.999     0.950000         9424        20.00
      13.367     0.956250         9486        22.86
      13.767     0.962500         9548        26.67
      14.255     0.968750         9610        32.00
      14.639     0.971875         9641        35.56
      14.991     0.975000         9673        40.00
      15.271     0.978125         9703        45.71
      15.991     0.981250         9735        53.33
      16.495     0.984375         9766        64.00
      16.895     0.985938         9781        71.11
      17.343     0.987500         9796        80.00
      17.951     0.989062         9811        91.43
      18.623     0.990625         9827       106.67
      19.983     0.992188         9843       128.00
      20.271     0.992969         9850       142.22
      20.879     0.993750         9858       160.00
      22.079     0.994531         9865       182.86
      23.135     0.995313         9873       213.33
      24.671     0.996094         9881       256.00
      25.295     0.996484         9885       284.44
      25.503     0.996875         9889       320.00
      26.703     0.997266         9892       365.71
      28.351     0.997656         9896       426.67
      29.599     0.998047         9900       512.00
      32.255     0.998242         9902       568.89
      35.199     0.998437         9904       640.00
      38.975     0.998633         9906       731.43
      47.583     0.998828         9908       853.33
      49.471     0.999023         9910      1024.00
      51.871     0.999121         9911      1137.78
      53.759     0.999219         9912      1280.00
      57.567     0.999316         9914      1462.86
      57.567     0.999414         9914      1706.67
      57.759     0.999512         9915      2048.00
      57.759     0.999561         9915      2275.56
      58.303     0.999609         9916      2560.00
      58.303     0.999658         9916      2925.71
      58.655     0.999707         9917      3413.33
      58.655     0.999756         9917      4096.00
      58.655     0.999780         9917      4551.11
      67.007     0.999805         9918      5120.00
      67.007     0.999829         9918      5851.43
      67.007     0.999854         9918      6826.67
      67.007     0.999878         9918      8192.00
      67.007     0.999890         9918      9102.22
      71.743     0.999902         9919     10240.00
      71.743     1.000000         9919          inf
#[Mean    =        8.984, StdDeviation   =        2.852]
#[Max     =       71.680, Total count    =         9919]
#[Buckets =           27, SubBuckets     =         2048]
-----------------------------------------------------------------------
  14907 requests in 30.02s, 2.72MB read
  Socket errors: connect 0, read 0, write 0, timeout 18
Requests/sec:    496.51  
Transfer/sec:     92.61KB
