Running 30s test @ http://10.105.96.67:8080/wrk2-api/home-timeline/read
  4 threads and 200 connections

  Thread calibration: mean lat.: 1.434ms, rate sampling interval: 10ms
  Thread calibration: mean lat.: 1.238ms, rate sampling interval: 10ms
  Thread calibration: mean lat.: 1.524ms, rate sampling interval: 10ms
  Thread calibration: mean lat.: 1.507ms, rate sampling interval: 10ms

-----------------------------------------------------------------------
Test Results @ http://10.105.96.67:8080/wrk2-api/home-timeline/read 
  Thread Stats   Avg      Stdev     99%   +/- Stdev
    Latency     1.23ms  350.77us   1.76ms   96.59%
    Req/Sec   131.64    118.41   444.00     57.94%
  Latency Distribution (HdrHistogram - Recorded Latency)
 50.000%    1.21ms
 75.000%    1.32ms
 90.000%    1.43ms
 99.000%    1.76ms
 99.900%    5.53ms
 99.990%   11.58ms
 99.999%   12.34ms
100.000%   12.34ms

  Detailed Percentile spectrum:
       Value   Percentile   TotalCount 1/(1-Percentile)

       0.778     0.000000            1         1.00
       1.024     0.100000          998         1.11
       1.083     0.200000         1995         1.25
       1.129     0.300000         3002         1.43
       1.167     0.400000         4002         1.67
       1.205     0.500000         4981         2.00
       1.225     0.550000         5485         2.22
       1.245     0.600000         5995         2.50
       1.267     0.650000         6491         2.86
       1.290     0.700000         6985         3.33
       1.316     0.750000         7472         4.00
       1.333     0.775000         7734         4.44
       1.348     0.800000         7978         5.00
       1.364     0.825000         8223         5.71
       1.382     0.850000         8469         6.67
       1.403     0.875000         8721         8.00
       1.417     0.887500         8849         8.89
       1.430     0.900000         8970        10.00
       1.444     0.912500         9093        11.43
       1.464     0.925000         9215        13.33
       1.488     0.937500         9340        16.00
       1.501     0.943750         9399        17.78
       1.513     0.950000         9462        20.00
       1.529     0.956250         9525        22.86
       1.548     0.962500         9589        26.67
       1.568     0.968750         9649        32.00
       1.584     0.971875         9680        35.56
       1.600     0.975000         9711        40.00
       1.624     0.978125         9743        45.71
       1.650     0.981250         9773        53.33
       1.678     0.984375         9804        64.00
       1.692     0.985938         9821        71.11
       1.723     0.987500         9835        80.00
       1.750     0.989062         9851        91.43
       1.780     0.990625         9868       106.67
       1.840     0.992188         9882       128.00
       1.889     0.992969         9890       142.22
       1.974     0.993750         9897       160.00
       2.039     0.994531         9905       182.86
       2.217     0.995313         9913       213.33
       2.265     0.996094         9921       256.00
       2.393     0.996484         9924       284.44
       2.521     0.996875         9928       320.00
       3.007     0.997266         9932       365.71
       3.171     0.997656         9936       426.67
       3.439     0.998047         9940       512.00
       3.927     0.998242         9942       568.89
       4.163     0.998437         9944       640.00
       4.459     0.998633         9946       731.43
       5.239     0.998828         9948       853.33
       6.207     0.999023         9950      1024.00
       8.375     0.999121         9951      1137.78
       9.007     0.999219         9952      1280.00
      10.087     0.999316         9953      1462.86
      10.183     0.999414         9954      1706.67
      10.439     0.999512         9955      2048.00
      10.439     0.999561         9955      2275.56
      10.615     0.999609         9956      2560.00
      10.615     0.999658         9956      2925.71
      11.559     0.999707         9957      3413.33
      11.559     0.999756         9957      4096.00
      11.559     0.999780         9957      4551.11
      11.583     0.999805         9958      5120.00
      11.583     0.999829         9958      5851.43
      11.583     0.999854         9958      6826.67
      11.583     0.999878         9958      8192.00
      11.583     0.999890         9958      9102.22
      12.335     0.999902         9959     10240.00
      12.335     1.000000         9959          inf
#[Mean    =        1.235, StdDeviation   =        0.351]
#[Max     =       12.328, Total count    =         9959]
#[Buckets =           27, SubBuckets     =         2048]
-----------------------------------------------------------------------
  14837 requests in 30.03s, 2.48MB read
  Socket errors: connect 0, read 0, write 0, timeout 25
Requests/sec:    494.08  
Transfer/sec:     84.44KB
