Running 30s test @ http://10.105.96.67:8080/wrk2-api/user-timeline/read
  4 threads and 200 connections

  Thread calibration: mean lat.: 14.235ms, rate sampling interval: 82ms
  Thread calibration: mean lat.: 14.547ms, rate sampling interval: 84ms
  Thread calibration: mean lat.: 13.921ms, rate sampling interval: 85ms
  Thread calibration: mean lat.: 13.453ms, rate sampling interval: 83ms

-----------------------------------------------------------------------
Test Results @ http://10.105.96.67:8080/wrk2-api/user-timeline/read 
  Thread Stats   Avg      Stdev     99%   +/- Stdev
    Latency    10.77ms   14.41ms  53.06ms   81.88%
    Req/Sec   125.09     37.18   219.00     66.98%
  Latency Distribution (HdrHistogram - Recorded Latency)
 50.000%    3.66ms
 75.000%    7.44ms
 90.000%   38.33ms
 99.000%   53.06ms
 99.900%   70.33ms
 99.990%   94.97ms
 99.999%  104.25ms
100.000%  104.25ms

  Detailed Percentile spectrum:
       Value   Percentile   TotalCount 1/(1-Percentile)

       2.000     0.000000            1         1.00
       2.447     0.100000         1004         1.11
       2.593     0.200000         2001         1.25
       2.745     0.300000         2996         1.43
       2.979     0.400000         3990         1.67
       3.659     0.500000         4985         2.00
       4.807     0.550000         5485         2.22
       5.619     0.600000         5983         2.50
       6.223     0.650000         6486         2.86
       6.731     0.700000         6980         3.33
       7.443     0.750000         7478         4.00
       7.991     0.775000         7727         4.44
       9.055     0.800000         7976         5.00
      32.159     0.825000         8227         5.71
      35.295     0.850000         8480         6.67
      36.895     0.875000         8725         8.00
      37.695     0.887500         8852         8.89
      38.335     0.900000         8976        10.00
      39.039     0.912500         9102        11.43
      39.967     0.925000         9228        13.33
      40.927     0.937500         9347        16.00
      41.471     0.943750         9410        17.78
      42.047     0.950000         9477        20.00
      42.751     0.956250         9534        22.86
      43.711     0.962500         9598        26.67
      45.023     0.968750         9660        32.00
      45.663     0.971875         9690        35.56
      46.431     0.975000         9721        40.00
      47.743     0.978125         9752        45.71
      48.863     0.981250         9784        53.33
      50.015     0.984375         9816        64.00
      50.591     0.985938         9830        71.11
      51.391     0.987500         9846        80.00
      52.703     0.989062         9861        91.43
      53.439     0.990625         9877       106.67
      54.623     0.992188         9894       128.00
      54.975     0.992969         9900       142.22
      55.711     0.993750         9908       160.00
      56.351     0.994531         9916       182.86
      57.119     0.995313         9924       213.33
      58.527     0.996094         9932       256.00
      58.815     0.996484         9935       284.44
      61.055     0.996875         9939       320.00
      61.887     0.997266         9943       365.71
      62.687     0.997656         9947       426.67
      65.023     0.998047         9951       512.00
      66.751     0.998242         9953       568.89
      67.519     0.998437         9955       640.00
      69.183     0.998633         9957       731.43
      69.823     0.998828         9959       853.33
      70.527     0.999023         9961      1024.00
      70.719     0.999121         9962      1137.78
      71.743     0.999219         9963      1280.00
      76.159     0.999316         9964      1462.86
      76.735     0.999414         9965      1706.67
      77.951     0.999512         9966      2048.00
      77.951     0.999561         9966      2275.56
      78.143     0.999609         9967      2560.00
      78.143     0.999658         9967      2925.71
      78.655     0.999707         9968      3413.33
      78.655     0.999756         9968      4096.00
      78.655     0.999780         9968      4551.11
      94.975     0.999805         9969      5120.00
      94.975     0.999829         9969      5851.43
      94.975     0.999854         9969      6826.67
      94.975     0.999878         9969      8192.00
      94.975     0.999890         9969      9102.22
     104.255     0.999902         9970     10240.00
     104.255     1.000000         9970          inf
#[Mean    =       10.771, StdDeviation   =       14.412]
#[Max     =      104.192, Total count    =         9970]
#[Buckets =           27, SubBuckets     =         2048]
-----------------------------------------------------------------------
  14833 requests in 30.01s, 77.45MB read
  Socket errors: connect 0, read 0, write 0, timeout 25
Requests/sec:    494.26  
Transfer/sec:      2.58MB
