Running 30s test @ http://10.105.96.67:8080/wrk2-api/user-timeline/read
  4 threads and 200 connections

  Thread calibration: mean lat.: 74.458ms, rate sampling interval: 359ms
  Thread calibration: mean lat.: 75.066ms, rate sampling interval: 378ms
  Thread calibration: mean lat.: 77.335ms, rate sampling interval: 383ms
  Thread calibration: mean lat.: 75.558ms, rate sampling interval: 379ms

-----------------------------------------------------------------------
Test Results @ http://10.105.96.67:8080/wrk2-api/user-timeline/read 
  Thread Stats   Avg      Stdev     99%   +/- Stdev
    Latency   578.36ms  710.62ms   3.30s    87.22%
    Req/Sec   136.29     22.30   189.00     72.04%
  Latency Distribution (HdrHistogram - Recorded Latency)
 50.000%  321.02ms
 75.000%  762.37ms
 90.000%    1.50s 
 99.000%    3.30s 
 99.900%    4.58s 
 99.990%    5.10s 
 99.999%    5.44s 
100.000%    5.44s 

  Detailed Percentile spectrum:
       Value   Percentile   TotalCount 1/(1-Percentile)

       2.533     0.000000            1         1.00
      37.215     0.100000         1092         1.11
      68.031     0.200000         2185         1.25
     119.999     0.300000         3276         1.43
     215.423     0.400000         4368         1.67
     321.023     0.500000         5460         2.00
     390.143     0.550000         6007         2.22
     454.911     0.600000         6553         2.50
     539.647     0.650000         7102         2.86
     636.927     0.700000         7646         3.33
     762.367     0.750000         8192         4.00
     840.703     0.775000         8464         4.44
     930.303     0.800000         8736         5.00
    1036.799     0.825000         9009         5.71
    1161.215     0.850000         9282         6.67
    1312.767     0.875000         9555         8.00
    1413.119     0.887500         9693         8.89
    1503.231     0.900000         9829        10.00
    1632.255     0.912500         9966        11.43
    1768.447     0.925000        10102        13.33
    1931.263     0.937500        10238        16.00
    2019.327     0.943750        10308        17.78
    2111.487     0.950000        10376        20.00
    2217.983     0.956250        10444        22.86
    2365.439     0.962500        10513        26.67
    2494.463     0.968750        10580        32.00
    2559.999     0.971875        10613        35.56
    2619.391     0.975000        10647        40.00
    2723.839     0.978125        10682        45.71
    2848.767     0.981250        10716        53.33
    2967.551     0.984375        10750        64.00
    3033.087     0.985938        10767        71.11
    3110.911     0.987500        10784        80.00
    3246.079     0.989062        10802        91.43
    3348.479     0.990625        10818       106.67
    3457.023     0.992188        10836       128.00
    3518.463     0.992969        10844       142.22
    3547.135     0.993750        10853       160.00
    3637.247     0.994531        10861       182.86
    3823.615     0.995313        10869       213.33
    3977.215     0.996094        10878       256.00
    4028.415     0.996484        10882       284.44
    4063.231     0.996875        10886       320.00
    4143.103     0.997266        10891       365.71
    4222.975     0.997656        10895       426.67
    4280.319     0.998047        10900       512.00
    4288.511     0.998242        10901       568.89
    4390.911     0.998437        10903       640.00
    4513.791     0.998633        10906       731.43
    4579.327     0.998828        10909       853.33
    4767.743     0.999023        10911      1024.00
    4767.743     0.999121        10911      1137.78
    4780.031     0.999219        10912      1280.00
    4792.319     0.999316        10913      1462.86
    4816.895     0.999414        10914      1706.67
    4923.391     0.999512        10915      2048.00
    4931.583     0.999561        10916      2275.56
    4931.583     0.999609        10916      2560.00
    4968.447     0.999658        10917      2925.71
    4968.447     0.999707        10917      3413.33
    4988.927     0.999756        10918      4096.00
    4988.927     0.999780        10918      4551.11
    4988.927     0.999805        10918      5120.00
    5103.615     0.999829        10919      5851.43
    5103.615     0.999854        10919      6826.67
    5103.615     0.999878        10919      8192.00
    5103.615     0.999890        10919      9102.22
    5103.615     0.999902        10919     10240.00
    5443.583     0.999915        10920     11702.86
    5443.583     1.000000        10920          inf
#[Mean    =      578.364, StdDeviation   =      710.624]
#[Max     =     5439.488, Total count    =        10920]
#[Buckets =           27, SubBuckets     =         2048]
-----------------------------------------------------------------------
  16878 requests in 30.03s, 123.60MB read
  Socket errors: connect 0, read 0, write 0, timeout 5
Requests/sec:    562.08  
Transfer/sec:      4.12MB
