Running 30s test @ http://10.105.96.67:8080/wrk2-api/post/compose
  4 threads and 200 connections

  Thread calibration: mean lat.: 34.708ms, rate sampling interval: 165ms
  Thread calibration: mean lat.: 34.484ms, rate sampling interval: 208ms
  Thread calibration: mean lat.: 29.213ms, rate sampling interval: 58ms
  Thread calibration: mean lat.: 30.228ms, rate sampling interval: 154ms

-----------------------------------------------------------------------
Test Results @ http://10.105.96.67:8080/wrk2-api/post/compose 
  Thread Stats   Avg      Stdev     99%   +/- Stdev
    Latency   219.17ms  516.84ms   2.35s    87.73%
    Req/Sec   133.70     52.71   258.00     71.37%
  Latency Distribution (HdrHistogram - Recorded Latency)
 50.000%    9.83ms
 75.000%   14.83ms
 90.000%  942.08ms
 99.000%    2.35s 
 99.900%    3.15s 
 99.990%    3.65s 
 99.999%    3.80s 
100.000%    3.80s 

  Detailed Percentile spectrum:
       Value   Percentile   TotalCount 1/(1-Percentile)

       6.071     0.000000            1         1.00
       7.519     0.100000         1076         1.11
       8.043     0.200000         2148         1.25
       8.551     0.300000         3218         1.43
       9.111     0.400000         4296         1.67
       9.831     0.500000         5361         2.00
      10.311     0.550000         5899         2.22
      10.887     0.600000         6428         2.50
      11.671     0.650000         6967         2.86
      12.775     0.700000         7501         3.33
      14.831     0.750000         8035         4.00
      16.783     0.775000         8303         4.44
      21.743     0.800000         8571         5.00
     408.575     0.825000         8839         5.71
     495.871     0.850000         9107         6.67
     713.727     0.875000         9374         8.00
     823.807     0.887500         9510         8.89
     942.079     0.900000         9643        10.00
    1058.815     0.912500         9776        11.43
    1199.103     0.925000         9912        13.33
    1328.127     0.937500        10044        16.00
    1395.711     0.943750        10111        17.78
    1470.463     0.950000        10178        20.00
    1547.263     0.956250        10245        22.86
    1642.495     0.962500        10312        26.67
    1748.991     0.968750        10380        32.00
    1829.887     0.971875        10412        35.56
    1900.543     0.975000        10446        40.00
    1941.503     0.978125        10479        45.71
    2039.807     0.981250        10513        53.33
    2119.679     0.984375        10546        64.00
    2179.071     0.985938        10564        71.11
    2232.319     0.987500        10580        80.00
    2308.095     0.989062        10596        91.43
    2383.871     0.990625        10613       106.67
    2455.551     0.992188        10631       128.00
    2496.511     0.992969        10638       142.22
    2539.519     0.993750        10647       160.00
    2594.815     0.994531        10655       182.86
    2680.831     0.995313        10663       213.33
    2748.415     0.996094        10673       256.00
    2791.423     0.996484        10677       284.44
    2830.335     0.996875        10680       320.00
    2856.959     0.997266        10684       365.71
    2967.551     0.997656        10688       426.67
    3012.607     0.998047        10693       512.00
    3018.751     0.998242        10695       568.89
    3074.047     0.998437        10697       640.00
    3119.103     0.998633        10699       731.43
    3141.631     0.998828        10701       853.33
    3180.543     0.999023        10703      1024.00
    3237.887     0.999121        10704      1137.78
    3254.271     0.999219        10705      1280.00
    3284.991     0.999316        10706      1462.86
    3352.575     0.999414        10707      1706.67
    3358.719     0.999512        10708      2048.00
    3362.815     0.999561        10709      2275.56
    3362.815     0.999609        10709      2560.00
    3395.583     0.999658        10710      2925.71
    3395.583     0.999707        10710      3413.33
    3647.487     0.999756        10711      4096.00
    3647.487     0.999780        10711      4551.11
    3647.487     0.999805        10711      5120.00
    3649.535     0.999829        10712      5851.43
    3649.535     0.999854        10712      6826.67
    3649.535     0.999878        10712      8192.00
    3649.535     0.999890        10712      9102.22
    3649.535     0.999902        10712     10240.00
    3803.135     0.999915        10713     11702.86
    3803.135     1.000000        10713          inf
#[Mean    =      219.171, StdDeviation   =      516.835]
#[Max     =     3801.088, Total count    =        10713]
#[Buckets =           27, SubBuckets     =         2048]
-----------------------------------------------------------------------
  16695 requests in 30.05s, 3.04MB read
  Socket errors: connect 0, read 0, write 0, timeout 6
Requests/sec:    555.59  
Transfer/sec:    103.63KB
