Running 30s test @ http://10.105.96.67:8080/wrk2-api/home-timeline/read
  4 threads and 200 connections

  Thread calibration: mean lat.: 4.652ms, rate sampling interval: 10ms
  Thread calibration: mean lat.: 4.042ms, rate sampling interval: 10ms
  Thread calibration: mean lat.: 3.506ms, rate sampling interval: 10ms
  Thread calibration: mean lat.: 4.326ms, rate sampling interval: 10ms

-----------------------------------------------------------------------
Test Results @ http://10.105.96.67:8080/wrk2-api/home-timeline/read 
  Thread Stats   Avg      Stdev     99%   +/- Stdev
    Latency     1.21ms  208.01us   1.77ms   78.69%
    Req/Sec   156.77    129.26   500.00     58.18%
  Latency Distribution (HdrHistogram - Recorded Latency)
 50.000%    1.19ms
 75.000%    1.30ms
 90.000%    1.43ms
 99.000%    1.77ms
 99.900%    3.40ms
 99.990%    4.27ms
 99.999%    4.94ms
100.000%    4.94ms

  Detailed Percentile spectrum:
       Value   Percentile   TotalCount 1/(1-Percentile)

       0.736     0.000000            1         1.00
       1.001     0.100000         1196         1.11
       1.060     0.200000         2381         1.25
       1.107     0.300000         3578         1.43
       1.148     0.400000         4772         1.67
       1.187     0.500000         5965         2.00
       1.207     0.550000         6536         2.22
       1.228     0.600000         7136         2.50
       1.252     0.650000         7744         2.86
       1.276     0.700000         8313         3.33
       1.305     0.750000         8912         4.00
       1.321     0.775000         9208         4.44
       1.339     0.800000         9502         5.00
       1.360     0.825000         9798         5.71
       1.380     0.850000        10097         6.67
       1.406     0.875000        10395         8.00
       1.419     0.887500        10540         8.89
       1.433     0.900000        10690        10.00
       1.448     0.912500        10844        11.43
       1.468     0.925000        10989        13.33
       1.488     0.937500        11136        16.00
       1.502     0.943750        11211        17.78
       1.518     0.950000        11286        20.00
       1.534     0.956250        11357        22.86
       1.549     0.962500        11432        26.67
       1.572     0.968750        11505        32.00
       1.589     0.971875        11544        35.56
       1.604     0.975000        11578        40.00
       1.624     0.978125        11615        45.71
       1.647     0.981250        11653        53.33
       1.678     0.984375        11689        64.00
       1.695     0.985938        11708        71.11
       1.717     0.987500        11726        80.00
       1.753     0.989062        11745        91.43
       1.796     0.990625        11763       106.67
       1.861     0.992188        11782       128.00
       1.904     0.992969        11791       142.22
       1.935     0.993750        11800       160.00
       1.993     0.994531        11810       182.86
       2.079     0.995313        11819       213.33
       2.173     0.996094        11828       256.00
       2.277     0.996484        11833       284.44
       2.321     0.996875        11837       320.00
       2.395     0.997266        11842       365.71
       2.515     0.997656        11847       426.67
       2.597     0.998047        11851       512.00
       3.085     0.998242        11854       568.89
       3.171     0.998437        11856       640.00
       3.247     0.998633        11858       731.43
       3.363     0.998828        11861       853.33
       3.403     0.999023        11863      1024.00
       3.525     0.999121        11864      1137.78
       3.527     0.999219        11865      1280.00
       3.595     0.999316        11866      1462.86
       3.759     0.999414        11868      1706.67
       3.769     0.999512        11869      2048.00
       3.769     0.999561        11869      2275.56
       3.775     0.999609        11870      2560.00
       3.775     0.999658        11870      2925.71
       3.833     0.999707        11871      3413.33
       3.875     0.999756        11872      4096.00
       3.875     0.999780        11872      4551.11
       3.875     0.999805        11872      5120.00
       3.875     0.999829        11872      5851.43
       4.267     0.999854        11873      6826.67
       4.267     0.999878        11873      8192.00
       4.267     0.999890        11873      9102.22
       4.267     0.999902        11873     10240.00
       4.267     0.999915        11873     11702.86
       4.939     0.999927        11874     13653.33
       4.939     1.000000        11874          inf
#[Mean    =        1.211, StdDeviation   =        0.208]
#[Max     =        4.936, Total count    =        11874]
#[Buckets =           27, SubBuckets     =         2048]
-----------------------------------------------------------------------
  17857 requests in 30.01s, 2.98MB read
  Socket errors: connect 0, read 0, write 0, timeout 6
Requests/sec:    595.13  
Transfer/sec:    101.71KB
