Running 30s test @ http://10.105.96.67:8080/wrk2-api/post/compose
  4 threads and 200 connections

  Thread calibration: mean lat.: 61.343ms, rate sampling interval: 414ms
  Thread calibration: mean lat.: 62.614ms, rate sampling interval: 433ms
  Thread calibration: mean lat.: 51.885ms, rate sampling interval: 291ms
  Thread calibration: mean lat.: 62.781ms, rate sampling interval: 418ms

-----------------------------------------------------------------------
Test Results @ http://10.105.96.67:8080/wrk2-api/post/compose 
  Thread Stats   Avg      Stdev     99%   +/- Stdev
    Latency   648.33ms    1.20s    4.69s    84.30%
    Req/Sec   136.92     45.21   210.00     59.33%
  Latency Distribution (HdrHistogram - Recorded Latency)
 50.000%   13.11ms
 75.000%  802.30ms
 90.000%    2.65s 
 99.000%    4.69s 
 99.900%    5.74s 
 99.990%    6.43s 
 99.999%    6.95s 
100.000%    6.95s 

  Detailed Percentile spectrum:
       Value   Percentile   TotalCount 1/(1-Percentile)

       6.375     0.000000            1         1.00
       8.103     0.100000         1090         1.11
       8.975     0.200000         2179         1.25
       9.991     0.300000         3274         1.43
      11.295     0.400000         4364         1.67
      13.111     0.500000         5444         2.00
      14.535     0.550000         5992         2.22
      16.591     0.600000         6534         2.50
      20.175     0.650000         7078         2.86
     336.383     0.700000         7622         3.33
     802.303     0.750000         8166         4.00
    1038.847     0.775000         8439         4.44
    1302.527     0.800000         8712         5.00
    1589.247     0.825000         8984         5.71
    1925.119     0.850000         9255         6.67
    2271.231     0.875000         9527         8.00
    2447.359     0.887500         9664         8.89
    2650.111     0.900000         9803        10.00
    2826.239     0.912500         9936        11.43
    3053.567     0.925000        10074        13.33
    3280.895     0.937500        10208        16.00
    3397.631     0.943750        10278        17.78
    3526.655     0.950000        10346        20.00
    3651.583     0.956250        10412        22.86
    3778.559     0.962500        10480        26.67
    3958.783     0.968750        10549        32.00
    4048.895     0.971875        10582        35.56
    4136.959     0.975000        10616        40.00
    4222.975     0.978125        10650        45.71
    4308.991     0.981250        10686        53.33
    4435.967     0.984375        10718        64.00
    4505.599     0.985938        10735        71.11
    4579.327     0.987500        10752        80.00
    4665.343     0.989062        10769        91.43
    4751.359     0.990625        10786       106.67
    4849.663     0.992188        10803       128.00
    4923.391     0.992969        10813       142.22
    4988.927     0.993750        10820       160.00
    5079.039     0.994531        10829       182.86
    5152.767     0.995313        10837       213.33
    5210.111     0.996094        10846       256.00
    5242.879     0.996484        10850       284.44
    5263.359     0.996875        10854       320.00
    5316.607     0.997266        10860       365.71
    5361.663     0.997656        10864       426.67
    5447.679     0.998047        10867       512.00
    5468.159     0.998242        10869       568.89
    5513.215     0.998437        10871       640.00
    5586.943     0.998633        10874       731.43
    5718.015     0.998828        10876       853.33
    5754.879     0.999023        10878      1024.00
    5767.167     0.999121        10879      1137.78
    5779.455     0.999219        10880      1280.00
    5799.935     0.999316        10881      1462.86
    5935.103     0.999414        10882      1706.67
    5971.967     0.999512        10883      2048.00
    5980.159     0.999561        10884      2275.56
    5980.159     0.999609        10884      2560.00
    6152.191     0.999658        10885      2925.71
    6152.191     0.999707        10885      3413.33
    6242.303     0.999756        10886      4096.00
    6242.303     0.999780        10886      4551.11
    6242.303     0.999805        10886      5120.00
    6430.719     0.999829        10887      5851.43
    6430.719     0.999854        10887      6826.67
    6430.719     0.999878        10887      8192.00
    6430.719     0.999890        10887      9102.22
    6430.719     0.999902        10887     10240.00
    6950.911     0.999915        10888     11702.86
    6950.911     1.000000        10888          inf
#[Mean    =      648.333, StdDeviation   =     1196.843]
#[Max     =     6946.816, Total count    =        10888]
#[Buckets =           27, SubBuckets     =         2048]
-----------------------------------------------------------------------
  17851 requests in 30.00s, 3.25MB read
  Socket errors: connect 0, read 0, write 0, timeout 2
Requests/sec:    595.02  
Transfer/sec:    110.99KB
