Running 30s test @ http://10.105.96.67:8080/wrk2-api/home-timeline/read
  4 threads and 200 connections

  Thread calibration: mean lat.: 1.427ms, rate sampling interval: 10ms
  Thread calibration: mean lat.: 1.192ms, rate sampling interval: 10ms
  Thread calibration: mean lat.: 1.408ms, rate sampling interval: 10ms
  Thread calibration: mean lat.: 1.351ms, rate sampling interval: 10ms

-----------------------------------------------------------------------
Test Results @ http://10.105.96.67:8080/wrk2-api/home-timeline/read 
  Thread Stats   Avg      Stdev     99%   +/- Stdev
    Latency     1.21ms  565.91us   1.81ms   98.89%
    Req/Sec   181.86    140.93   600.00     64.79%
  Latency Distribution (HdrHistogram - Recorded Latency)
 50.000%    1.16ms
 75.000%    1.28ms
 90.000%    1.42ms
 99.000%    1.81ms
 99.900%    7.70ms
 99.990%   20.99ms
 99.999%   23.58ms
100.000%   23.58ms

  Detailed Percentile spectrum:
       Value   Percentile   TotalCount 1/(1-Percentile)

       0.757     0.000000            1         1.00
       0.984     0.100000         1392         1.11
       1.042     0.200000         2768         1.25
       1.086     0.300000         4159         1.43
       1.125     0.400000         5518         1.67
       1.163     0.500000         6900         2.00
       1.182     0.550000         7570         2.22
       1.203     0.600000         8280         2.50
       1.225     0.650000         8948         2.86
       1.252     0.700000         9644         3.33
       1.283     0.750000        10336         4.00
       1.302     0.775000        10679         4.44
       1.319     0.800000        11010         5.00
       1.342     0.825000        11358         5.71
       1.365     0.850000        11712         6.67
       1.391     0.875000        12051         8.00
       1.405     0.887500        12224         8.89
       1.420     0.900000        12388        10.00
       1.437     0.912500        12563        11.43
       1.462     0.925000        12735        13.33
       1.488     0.937500        12903        16.00
       1.503     0.943750        12990        17.78
       1.519     0.950000        13072        20.00
       1.535     0.956250        13159        22.86
       1.557     0.962500        13246        26.67
       1.586     0.968750        13332        32.00
       1.601     0.971875        13376        35.56
       1.618     0.975000        13417        40.00
       1.635     0.978125        13460        45.71
       1.668     0.981250        13505        53.33
       1.699     0.984375        13545        64.00
       1.729     0.985938        13568        71.11
       1.750     0.987500        13589        80.00
       1.783     0.989062        13610        91.43
       1.836     0.990625        13631       106.67
       1.913     0.992188        13653       128.00
       1.996     0.992969        13664       142.22
       2.073     0.993750        13674       160.00
       2.177     0.994531        13685       182.86
       2.291     0.995313        13696       213.33
       2.499     0.996094        13707       256.00
       2.837     0.996484        13712       284.44
       3.095     0.996875        13717       320.00
       3.357     0.997266        13723       365.71
       3.511     0.997656        13728       426.67
       3.879     0.998047        13734       512.00
       4.423     0.998242        13736       568.89
       5.135     0.998437        13739       640.00
       6.219     0.998633        13742       731.43
       6.319     0.998828        13744       853.33
      13.375     0.999023        13747      1024.00
      13.743     0.999121        13748      1137.78
      15.751     0.999219        13750      1280.00
      15.967     0.999316        13751      1462.86
      16.215     0.999414        13752      1706.67
      16.247     0.999512        13754      2048.00
      16.247     0.999561        13754      2275.56
      16.543     0.999609        13755      2560.00
      17.167     0.999658        13756      2925.71
      17.167     0.999707        13756      3413.33
      18.415     0.999756        13757      4096.00
      18.415     0.999780        13757      4551.11
      18.799     0.999805        13758      5120.00
      18.799     0.999829        13758      5851.43
      18.799     0.999854        13758      6826.67
      20.991     0.999878        13759      8192.00
      20.991     0.999890        13759      9102.22
      20.991     0.999902        13759     10240.00
      20.991     0.999915        13759     11702.86
      20.991     0.999927        13759     13653.33
      23.583     0.999939        13760     16384.00
      23.583     1.000000        13760          inf
#[Mean    =        1.210, StdDeviation   =        0.566]
#[Max     =       23.568, Total count    =        13760]
#[Buckets =           27, SubBuckets     =         2048]
-----------------------------------------------------------------------
  20544 requests in 30.01s, 3.43MB read
  Socket errors: connect 0, read 0, write 0, timeout 3
Requests/sec:    684.65  
Transfer/sec:    117.01KB
