Running 30s test @ http://10.105.96.67:8080/wrk2-api/home-timeline/read
  4 threads and 200 connections

  Thread calibration: mean lat.: 6.414ms, rate sampling interval: 10ms
  Thread calibration: mean lat.: 6.651ms, rate sampling interval: 10ms
  Thread calibration: mean lat.: 6.057ms, rate sampling interval: 10ms
  Thread calibration: mean lat.: 5.121ms, rate sampling interval: 10ms

-----------------------------------------------------------------------
Test Results @ http://10.105.96.67:8080/wrk2-api/home-timeline/read 
  Thread Stats   Avg      Stdev     99%   +/- Stdev
    Latency     1.18ms  224.21us   1.82ms   81.43%
    Req/Sec   209.54    148.42   600.00     72.23%
  Latency Distribution (HdrHistogram - Recorded Latency)
 50.000%    1.15ms
 75.000%    1.26ms
 90.000%    1.40ms
 99.000%    1.82ms
 99.900%    3.53ms
 99.990%    5.47ms
 99.999%    5.70ms
100.000%    5.70ms

  Detailed Percentile spectrum:
       Value   Percentile   TotalCount 1/(1-Percentile)

       0.727     0.000000            1         1.00
       0.965     0.100000         1613         1.11
       1.023     0.200000         3185         1.25
       1.068     0.300000         4783         1.43
       1.108     0.400000         6378         1.67
       1.147     0.500000         7960         2.00
       1.167     0.550000         8761         2.22
       1.187     0.600000         9550         2.50
       1.209     0.650000        10334         2.86
       1.235     0.700000        11127         3.33
       1.265     0.750000        11907         4.00
       1.283     0.775000        12321         4.44
       1.301     0.800000        12709         5.00
       1.322     0.825000        13098         5.71
       1.347     0.850000        13502         6.67
       1.374     0.875000        13905         8.00
       1.389     0.887500        14087         8.89
       1.404     0.900000        14285        10.00
       1.421     0.912500        14485        11.43
       1.443     0.925000        14689        13.33
       1.467     0.937500        14886        16.00
       1.483     0.943750        14985        17.78
       1.495     0.950000        15082        20.00
       1.514     0.956250        15179        22.86
       1.538     0.962500        15281        26.67
       1.564     0.968750        15380        32.00
       1.578     0.971875        15426        35.56
       1.604     0.975000        15477        40.00
       1.624     0.978125        15525        45.71
       1.660     0.981250        15575        53.33
       1.701     0.984375        15625        64.00
       1.725     0.985938        15651        71.11
       1.754     0.987500        15674        80.00
       1.789     0.989062        15699        91.43
       1.843     0.990625        15724       106.67
       1.929     0.992188        15748       128.00
       1.960     0.992969        15761       142.22
       2.085     0.993750        15773       160.00
       2.159     0.994531        15786       182.86
       2.223     0.995313        15798       213.33
       2.319     0.996094        15810       256.00
       2.457     0.996484        15817       284.44
       2.489     0.996875        15823       320.00
       2.567     0.997266        15829       365.71
       2.629     0.997656        15835       426.67
       2.875     0.998047        15841       512.00
       2.993     0.998242        15845       568.89
       3.167     0.998437        15848       640.00
       3.247     0.998633        15851       731.43
       3.407     0.998828        15854       853.33
       3.541     0.999023        15857      1024.00
       3.557     0.999121        15859      1137.78
       3.653     0.999219        15860      1280.00
       3.671     0.999316        15862      1462.86
       3.697     0.999414        15863      1706.67
       3.925     0.999512        15865      2048.00
       3.931     0.999561        15866      2275.56
       3.931     0.999609        15866      2560.00
       3.961     0.999658        15867      2925.71
       4.363     0.999707        15868      3413.33
       5.311     0.999756        15869      4096.00
       5.311     0.999780        15869      4551.11
       5.311     0.999805        15869      5120.00
       5.467     0.999829        15870      5851.43
       5.467     0.999854        15870      6826.67
       5.543     0.999878        15871      8192.00
       5.543     0.999890        15871      9102.22
       5.543     0.999902        15871     10240.00
       5.543     0.999915        15871     11702.86
       5.543     0.999927        15871     13653.33
       5.695     0.999939        15872     16384.00
       5.695     1.000000        15872          inf
#[Mean    =        1.176, StdDeviation   =        0.224]
#[Max     =        5.692, Total count    =        15872]
#[Buckets =           27, SubBuckets     =         2048]
-----------------------------------------------------------------------
  23842 requests in 30.01s, 3.98MB read
Requests/sec:    794.55  
Transfer/sec:    135.79KB
