Running 30s test @ http://10.105.96.67:8080/wrk2-api/post/compose
  4 threads and 200 connections

  Thread calibration: mean lat.: 132.795ms, rate sampling interval: 886ms
  Thread calibration: mean lat.: 120.278ms, rate sampling interval: 780ms
  Thread calibration: mean lat.: 152.689ms, rate sampling interval: 983ms
  Thread calibration: mean lat.: 127.413ms, rate sampling interval: 832ms

-----------------------------------------------------------------------
Test Results @ http://10.105.96.67:8080/wrk2-api/post/compose 
  Thread Stats   Avg      Stdev     99%   +/- Stdev
    Latency     1.28s     1.97s    7.00s    81.47%
    Req/Sec   133.77     54.28   220.00     70.33%
  Latency Distribution (HdrHistogram - Recorded Latency)
 50.000%   22.56ms
 75.000%    2.22s 
 90.000%    4.60s 
 99.000%    7.00s 
 99.900%    8.18s 
 99.990%    8.72s 
 99.999%    8.72s 
100.000%    8.72s 

  Detailed Percentile spectrum:
       Value   Percentile   TotalCount 1/(1-Percentile)

       6.399     0.000000            1         1.00
       9.503     0.100000         1067         1.11
      11.431     0.200000         2133         1.25
      13.991     0.300000         3195         1.43
      17.503     0.400000         4261         1.67
      22.559     0.500000         5325         2.00
      27.967     0.550000         5857         2.22
     211.839     0.600000         6390         2.50
     837.119     0.650000         6922         2.86
    1498.111     0.700000         7456         3.33
    2224.127     0.750000         7989         4.00
    2617.343     0.775000         8253         4.44
    3028.991     0.800000         8520         5.00
    3416.063     0.825000         8786         5.71
    3803.135     0.850000         9052         6.67
    4198.399     0.875000         9319         8.00
    4386.815     0.887500         9454         8.89
    4603.903     0.900000         9585        10.00
    4841.471     0.912500         9718        11.43
    5091.327     0.925000         9851        13.33
    5361.663     0.937500         9985        16.00
    5492.735     0.943750        10053        17.78
    5627.903     0.950000        10117        20.00
    5779.455     0.956250        10184        22.86
    5959.679     0.962500        10251        26.67
    6135.807     0.968750        10317        32.00
    6234.111     0.971875        10351        35.56
    6348.799     0.975000        10383        40.00
    6459.391     0.978125        10419        45.71
    6545.407     0.981250        10450        53.33
    6733.823     0.984375        10484        64.00
    6807.551     0.985938        10500        71.11
    6873.087     0.987500        10516        80.00
    6942.719     0.989062        10535        91.43
    7036.927     0.990625        10550       106.67
    7159.807     0.992188        10566       128.00
    7237.631     0.992969        10576       142.22
    7340.031     0.993750        10584       160.00
    7372.799     0.994531        10591       182.86
    7524.351     0.995313        10600       213.33
    7598.079     0.996094        10608       256.00
    7659.519     0.996484        10614       284.44
    7753.727     0.996875        10616       320.00
    7790.591     0.997266        10620       365.71
    7852.031     0.997656        10625       426.67
    7864.319     0.998047        10629       512.00
    7897.087     0.998242        10631       568.89
    7970.815     0.998437        10633       640.00
    8089.599     0.998633        10635       731.43
    8167.423     0.998828        10637       853.33
    8228.863     0.999023        10639      1024.00
    8290.303     0.999121        10640      1137.78
    8302.591     0.999219        10641      1280.00
    8339.455     0.999316        10642      1462.86
    8343.551     0.999414        10643      1706.67
    8396.799     0.999512        10644      2048.00
    8454.143     0.999561        10645      2275.56
    8454.143     0.999609        10645      2560.00
    8511.487     0.999658        10646      2925.71
    8511.487     0.999707        10646      3413.33
    8593.407     0.999756        10647      4096.00
    8593.407     0.999780        10647      4551.11
    8593.407     0.999805        10647      5120.00
    8716.287     0.999829        10648      5851.43
    8716.287     0.999854        10648      6826.67
    8716.287     0.999878        10648      8192.00
    8716.287     0.999890        10648      9102.22
    8716.287     0.999902        10648     10240.00
    8724.479     0.999915        10649     11702.86
    8724.479     1.000000        10649          inf
#[Mean    =     1278.438, StdDeviation   =     1966.109]
#[Max     =     8716.288, Total count    =        10649]
#[Buckets =           27, SubBuckets     =         2048]
-----------------------------------------------------------------------
  18623 requests in 30.04s, 3.39MB read
  Socket errors: connect 0, read 0, write 0, timeout 1
Requests/sec:    619.95  
Transfer/sec:    115.63KB
