Running 30s test @ http://10.105.96.67:8080/wrk2-api/home-timeline/read
  4 threads and 200 connections

  Thread calibration: mean lat.: 4.754ms, rate sampling interval: 10ms
  Thread calibration: mean lat.: 5.799ms, rate sampling interval: 10ms
  Thread calibration: mean lat.: 6.934ms, rate sampling interval: 10ms
  Thread calibration: mean lat.: 5.487ms, rate sampling interval: 10ms

-----------------------------------------------------------------------
Test Results @ http://10.105.96.67:8080/wrk2-api/home-timeline/read 
  Thread Stats   Avg      Stdev     99%   +/- Stdev
    Latency     1.23ms    1.32ms   2.00ms   99.49%
    Req/Sec   235.70    161.97   666.00     69.38%
  Latency Distribution (HdrHistogram - Recorded Latency)
 50.000%    1.14ms
 75.000%    1.26ms
 90.000%    1.41ms
 99.000%    2.00ms
 99.900%   29.97ms
 99.990%   38.17ms
 99.999%   41.85ms
100.000%   41.85ms

  Detailed Percentile spectrum:
       Value   Percentile   TotalCount 1/(1-Percentile)

       0.727     0.000000            1         1.00
       0.958     0.100000         1800         1.11
       1.014     0.200000         3582         1.25
       1.059     0.300000         5363         1.43
       1.101     0.400000         7152         1.67
       1.141     0.500000         8964         2.00
       1.160     0.550000         9831         2.22
       1.182     0.600000        10722         2.50
       1.205     0.650000        11624         2.86
       1.230     0.700000        12498         3.33
       1.261     0.750000        13389         4.00
       1.280     0.775000        13845         4.44
       1.301     0.800000        14288         5.00
       1.324     0.825000        14732         5.71
       1.347     0.850000        15174         6.67
       1.378     0.875000        15627         8.00
       1.395     0.887500        15844         8.89
       1.414     0.900000        16073        10.00
       1.435     0.912500        16296        11.43
       1.460     0.925000        16513        13.33
       1.487     0.937500        16737        16.00
       1.503     0.943750        16848        17.78
       1.520     0.950000        16957        20.00
       1.543     0.956250        17076        22.86
       1.571     0.962500        17183        26.67
       1.607     0.968750        17294        32.00
       1.622     0.971875        17347        35.56
       1.642     0.975000        17403        40.00
       1.674     0.978125        17459        45.71
       1.710     0.981250        17516        53.33
       1.770     0.984375        17572        64.00
       1.815     0.985938        17598        71.11
       1.860     0.987500        17626        80.00
       1.936     0.989062        17654        91.43
       2.035     0.990625        17682       106.67
       2.141     0.992188        17710       128.00
       2.187     0.992969        17724       142.22
       2.273     0.993750        17738       160.00
       2.451     0.994531        17752       182.86
       3.155     0.995313        17766       213.33
       3.525     0.996094        17780       256.00
       3.795     0.996484        17787       284.44
       4.191     0.996875        17794       320.00
       4.879     0.997266        17801       365.71
       8.791     0.997656        17808       426.67
      19.119     0.998047        17815       512.00
      20.543     0.998242        17818       568.89
      23.199     0.998437        17822       640.00
      24.895     0.998633        17825       731.43
      27.423     0.998828        17829       853.33
      30.047     0.999023        17832      1024.00
      30.559     0.999121        17834      1137.78
      30.735     0.999219        17836      1280.00
      32.335     0.999316        17837      1462.86
      32.591     0.999414        17840      1706.67
      33.919     0.999512        17841      2048.00
      34.879     0.999561        17842      2275.56
      35.135     0.999609        17843      2560.00
      35.135     0.999658        17843      2925.71
      35.167     0.999707        17844      3413.33
      35.455     0.999756        17845      4096.00
      37.983     0.999780        17846      4551.11
      37.983     0.999805        17846      5120.00
      37.983     0.999829        17846      5851.43
      38.175     0.999854        17847      6826.67
      38.175     0.999878        17847      8192.00
      40.703     0.999890        17848      9102.22
      40.703     0.999902        17848     10240.00
      40.703     0.999915        17848     11702.86
      40.703     0.999927        17848     13653.33
      40.703     0.999939        17848     16384.00
      41.855     0.999945        17849     18204.44
      41.855     1.000000        17849          inf
#[Mean    =        1.234, StdDeviation   =        1.317]
#[Max     =       41.824, Total count    =        17849]
#[Buckets =           27, SubBuckets     =         2048]
-----------------------------------------------------------------------
  26803 requests in 30.02s, 4.47MB read
Requests/sec:    892.95  
Transfer/sec:    152.60KB
