Running 30s test @ http://10.105.96.67:8080/wrk2-api/post/compose
  4 threads and 200 connections

  Thread calibration: mean lat.: 490.243ms, rate sampling interval: 1901ms
  Thread calibration: mean lat.: 478.974ms, rate sampling interval: 1844ms
  Thread calibration: mean lat.: 544.863ms, rate sampling interval: 1989ms
  Thread calibration: mean lat.: 568.988ms, rate sampling interval: 2248ms

-----------------------------------------------------------------------
Test Results @ http://10.105.96.67:8080/wrk2-api/post/compose 
  Thread Stats   Avg      Stdev     99%   +/- Stdev
    Latency     2.42s     2.68s    9.23s    79.71%
    Req/Sec   132.63     59.60   236.00     68.42%
  Latency Distribution (HdrHistogram - Recorded Latency)
 50.000%  913.41ms
 75.000%    4.29s 
 90.000%    6.89s 
 99.000%    9.23s 
 99.900%   10.46s 
 99.990%   10.85s 
 99.999%   10.86s 
100.000%   10.86s 

  Detailed Percentile spectrum:
       Value   Percentile   TotalCount 1/(1-Percentile)

     146.943     0.000000            1         1.00
     186.623     0.100000         1045         1.11
     298.495     0.200000         2090         1.25
     421.887     0.300000         3135         1.43
     595.455     0.400000         4183         1.67
     913.407     0.500000         5225         2.00
    1239.039     0.550000         5748         2.22
    1790.975     0.600000         6272         2.50
    2555.903     0.650000         6792         2.86
    3387.391     0.700000         7315         3.33
    4292.607     0.750000         7838         4.00
    4743.167     0.775000         8100         4.44
    5169.151     0.800000         8363         5.00
    5607.423     0.825000         8623         5.71
    6033.407     0.850000         8881         6.67
    6471.679     0.875000         9142         8.00
    6684.671     0.887500         9274         8.89
    6893.567     0.900000         9405        10.00
    7139.327     0.912500         9536        11.43
    7426.047     0.925000         9666        13.33
    7647.231     0.937500         9796        16.00
    7782.399     0.943750         9864        17.78
    7929.855     0.950000         9927        20.00
    8060.927     0.956250         9995        22.86
    8200.191     0.962500        10058        26.67
    8372.223     0.968750        10125        32.00
    8470.527     0.971875        10157        35.56
    8552.447     0.975000        10187        40.00
    8667.135     0.978125        10223        45.71
    8790.015     0.981250        10254        53.33
    8929.279     0.984375        10286        64.00
    9019.391     0.985938        10305        71.11
    9076.735     0.987500        10318        80.00
    9166.847     0.989062        10334        91.43
    9273.343     0.990625        10351       106.67
    9396.223     0.992188        10368       128.00
    9428.991     0.992969        10375       142.22
    9494.527     0.993750        10384       160.00
    9527.295     0.994531        10392       182.86
    9707.519     0.995313        10400       213.33
    9748.479     0.996094        10408       256.00
    9781.247     0.996484        10414       284.44
    9863.167     0.996875        10416       320.00
    9912.319     0.997266        10420       365.71
    9945.087     0.997656        10424       426.67
   10108.927     0.998047        10429       512.00
   10125.311     0.998242        10430       568.89
   10141.695     0.998437        10432       640.00
   10182.655     0.998633        10435       731.43
   10223.615     0.998828        10436       853.33
   10461.183     0.999023        10438      1024.00
   10477.567     0.999121        10439      1137.78
   10518.527     0.999219        10440      1280.00
   10526.719     0.999316        10441      1462.86
   10625.023     0.999414        10442      1706.67
   10665.983     0.999512        10443      2048.00
   10698.751     0.999561        10444      2275.56
   10698.751     0.999609        10444      2560.00
   10723.327     0.999658        10445      2925.71
   10723.327     0.999707        10445      3413.33
   10772.479     0.999756        10446      4096.00
   10772.479     0.999780        10446      4551.11
   10772.479     0.999805        10446      5120.00
   10854.399     0.999829        10447      5851.43
   10854.399     0.999854        10447      6826.67
   10854.399     0.999878        10447      8192.00
   10854.399     0.999890        10447      9102.22
   10854.399     0.999902        10447     10240.00
   10862.591     0.999915        10448     11702.86
   10862.591     1.000000        10448          inf
#[Mean    =     2421.926, StdDeviation   =     2676.996]
#[Max     =    10854.400, Total count    =        10448]
#[Buckets =           27, SubBuckets     =         2048]
-----------------------------------------------------------------------
  19011 requests in 30.02s, 3.46MB read
Requests/sec:    633.19  
Transfer/sec:    118.10KB
