Running 30s test @ http://10.111.138.180:8080/wrk2-api/home-timeline/read
  4 threads and 200 connections

  Thread calibration: mean lat.: 1.911ms, rate sampling interval: 10ms
  Thread calibration: mean lat.: 2.468ms, rate sampling interval: 10ms
  Thread calibration: mean lat.: 2.409ms, rate sampling interval: 10ms
  Thread calibration: mean lat.: 2.305ms, rate sampling interval: 10ms

-----------------------------------------------------------------------
Test Results @ http://10.111.138.180:8080/wrk2-api/home-timeline/read 
  Thread Stats   Avg      Stdev     99%   +/- Stdev
    Latency     1.16ms  261.29us   1.83ms   87.36%
    Req/Sec   263.97    166.03   700.00     74.35%
  Latency Distribution (HdrHistogram - Recorded Latency)
 50.000%    1.12ms
 75.000%    1.24ms
 90.000%    1.39ms
 99.000%    1.83ms
 99.900%    4.20ms
 99.990%    8.16ms
 99.999%    8.37ms
100.000%    8.37ms

  Detailed Percentile spectrum:
       Value   Percentile   TotalCount 1/(1-Percentile)

       0.711     0.000000            1         1.00
       0.944     0.100000         2020         1.11
       0.998     0.200000         4007         1.25
       1.042     0.300000         6020         1.43
       1.082     0.400000         8026         1.67
       1.122     0.500000        10033         2.00
       1.141     0.550000        11025         2.22
       1.162     0.600000        12012         2.50
       1.184     0.650000        13004         2.86
       1.210     0.700000        14039         3.33
       1.241     0.750000        15022         4.00
       1.259     0.775000        15497         4.44
       1.281     0.800000        15997         5.00
       1.303     0.825000        16495         5.71
       1.328     0.850000        16991         6.67
       1.358     0.875000        17499         8.00
       1.375     0.887500        17753         8.89
       1.392     0.900000        17991        10.00
       1.412     0.912500        18245        11.43
       1.436     0.925000        18496        13.33
       1.463     0.937500        18742        16.00
       1.481     0.943750        18868        17.78
       1.497     0.950000        18994        20.00
       1.517     0.956250        19117        22.86
       1.539     0.962500        19240        26.67
       1.566     0.968750        19368        32.00
       1.583     0.971875        19430        35.56
       1.606     0.975000        19490        40.00
       1.636     0.978125        19552        45.71
       1.670     0.981250        19616        53.33
       1.706     0.984375        19677        64.00
       1.727     0.985938        19709        71.11
       1.775     0.987500        19740        80.00
       1.812     0.989062        19771        91.43
       1.852     0.990625        19802       106.67
       1.951     0.992188        19833       128.00
       2.002     0.992969        19849       142.22
       2.067     0.993750        19866       160.00
       2.117     0.994531        19880       182.86
       2.185     0.995313        19897       213.33
       2.273     0.996094        19911       256.00
       2.363     0.996484        19919       284.44
       2.453     0.996875        19927       320.00
       2.513     0.997266        19935       365.71
       2.609     0.997656        19943       426.67
       2.821     0.998047        19950       512.00
       3.001     0.998242        19954       568.89
       3.221     0.998437        19958       640.00
       3.317     0.998633        19962       731.43
       4.033     0.998828        19966       853.33
       4.423     0.999023        19970      1024.00
       4.551     0.999121        19972      1137.78
       4.711     0.999219        19974      1280.00
       4.859     0.999316        19976      1462.86
       5.291     0.999414        19978      1706.67
       6.131     0.999512        19980      2048.00
       6.427     0.999561        19981      2275.56
       6.467     0.999609        19982      2560.00
       6.487     0.999658        19983      2925.71
       6.707     0.999707        19984      3413.33
       6.843     0.999756        19985      4096.00
       6.843     0.999780        19985      4551.11
       8.015     0.999805        19986      5120.00
       8.015     0.999829        19986      5851.43
       8.159     0.999854        19987      6826.67
       8.159     0.999878        19987      8192.00
       8.159     0.999890        19987      9102.22
       8.359     0.999902        19988     10240.00
       8.359     0.999915        19988     11702.86
       8.359     0.999927        19988     13653.33
       8.359     0.999939        19988     16384.00
       8.359     0.999945        19988     18204.44
       8.367     0.999951        19989     20480.00
       8.367     1.000000        19989          inf
#[Mean    =        1.157, StdDeviation   =        0.261]
#[Max     =        8.360, Total count    =        19989]
#[Buckets =           27, SubBuckets     =         2048]
-----------------------------------------------------------------------
  29888 requests in 30.00s, 4.99MB read
Requests/sec:    996.27  
Transfer/sec:    170.26KB
