Running 30s test @ http://10.111.138.180:8080/wrk2-api/post/compose
  4 threads and 200 connections

  Thread calibration: mean lat.: 2751.197ms, rate sampling interval: 7835ms
  Thread calibration: mean lat.: 2603.393ms, rate sampling interval: 7426ms
  Thread calibration: mean lat.: 2668.820ms, rate sampling interval: 7237ms
  Thread calibration: mean lat.: 2721.529ms, rate sampling interval: 7974ms

-----------------------------------------------------------------------
Test Results @ http://10.111.138.180:8080/wrk2-api/post/compose 
  Thread Stats   Avg      Stdev     99%   +/- Stdev
    Latency     4.98s     2.87s   13.07s    71.93%
    Req/Sec   159.25     62.64   222.00     75.00%
  Latency Distribution (HdrHistogram - Recorded Latency)
 50.000%    4.25s 
 75.000%    6.35s 
 90.000%    9.45s 
 99.000%   13.07s 
 99.900%   14.93s 
 99.990%   15.79s 
 99.999%   15.88s 
100.000%   15.88s 

  Detailed Percentile spectrum:
       Value   Percentile   TotalCount 1/(1-Percentile)

     203.519     0.000000            1         1.00
    1989.631     0.100000         1142         1.11
    2715.647     0.200000         2289         1.25
    3225.599     0.300000         3429         1.43
    3694.591     0.400000         4572         1.67
    4251.647     0.500000         5719         2.00
    4550.655     0.550000         6281         2.22
    4845.567     0.600000         6852         2.50
    5238.783     0.650000         7420         2.86
    5742.591     0.700000         7990         3.33
    6348.799     0.750000         8561         4.00
    6754.303     0.775000         8846         4.44
    7233.535     0.800000         9134         5.00
    7712.767     0.825000         9417         5.71
    8241.151     0.850000         9702         6.67
    8830.975     0.875000         9990         8.00
    9158.655     0.887500        10131         8.89
    9445.375     0.900000        10273        10.00
    9797.631     0.912500        10418        11.43
   10166.271     0.925000        10562        13.33
   10534.911     0.937500        10700        16.00
   10739.711     0.943750        10772        17.78
   10977.279     0.950000        10844        20.00
   11206.655     0.956250        10915        22.86
   11517.951     0.962500        10988        26.67
   11771.903     0.968750        11057        32.00
   11919.359     0.971875        11093        35.56
   12091.391     0.975000        11130        40.00
   12238.847     0.978125        11164        45.71
   12435.455     0.981250        11200        53.33
   12648.447     0.984375        11236        64.00
   12795.903     0.985938        11253        71.11
   12869.631     0.987500        11273        80.00
   12984.319     0.989062        11289        91.43
   13205.503     0.990625        11309       106.67
   13311.999     0.992188        11324       128.00
   13434.879     0.992969        11333       142.22
   13516.799     0.993750        11342       160.00
   13647.871     0.994531        11351       182.86
   13778.943     0.995313        11362       213.33
   13967.359     0.996094        11369       256.00
   14024.703     0.996484        11373       284.44
   14204.927     0.996875        11378       320.00
   14270.463     0.997266        11382       365.71
   14327.807     0.997656        11387       426.67
   14450.687     0.998047        11391       512.00
   14606.335     0.998242        11393       568.89
   14680.063     0.998437        11396       640.00
   14802.943     0.998633        11398       731.43
   14917.631     0.998828        11400       853.33
   14925.823     0.999023        11402      1024.00
   14983.167     0.999121        11403      1137.78
   15081.471     0.999219        11405      1280.00
   15147.007     0.999316        11406      1462.86
   15155.199     0.999414        11407      1706.67
   15179.775     0.999512        11408      2048.00
   15179.775     0.999561        11408      2275.56
   15310.847     0.999609        11409      2560.00
   15605.759     0.999658        11410      2925.71
   15605.759     0.999707        11410      3413.33
   15654.911     0.999756        11411      4096.00
   15654.911     0.999780        11411      4551.11
   15654.911     0.999805        11411      5120.00
   15794.175     0.999829        11412      5851.43
   15794.175     0.999854        11412      6826.67
   15794.175     0.999878        11412      8192.00
   15794.175     0.999890        11412      9102.22
   15794.175     0.999902        11412     10240.00
   15876.095     0.999915        11413     11702.86
   15876.095     1.000000        11413          inf
#[Mean    =     4976.758, StdDeviation   =     2874.858]
#[Max     =    15867.904, Total count    =        11413]
#[Buckets =           27, SubBuckets     =         2048]
-----------------------------------------------------------------------
  18263 requests in 30.05s, 3.33MB read
  Socket errors: connect 0, read 0, write 0, timeout 1
Requests/sec:    607.70  
Transfer/sec:    113.35KB
