Running 30s test @ http://10.111.138.180:8080/wrk2-api/post/compose
  4 threads and 200 connections

  Thread calibration: mean lat.: 1109.096ms, rate sampling interval: 5586ms
  Thread calibration: mean lat.: 1102.829ms, rate sampling interval: 5681ms
  Thread calibration: mean lat.: 1164.739ms, rate sampling interval: 5603ms
  Thread calibration: mean lat.: 1010.043ms, rate sampling interval: 5214ms

-----------------------------------------------------------------------
Test Results @ http://10.111.138.180:8080/wrk2-api/post/compose 
  Thread Stats   Avg      Stdev     99%   +/- Stdev
    Latency    13.73ms   31.84ms 217.09ms   97.89%
    Req/Sec   123.25      3.94   132.00     75.00%
  Latency Distribution (HdrHistogram - Recorded Latency)
 50.000%    8.98ms
 75.000%   10.31ms
 90.000%   12.55ms
 99.000%  217.09ms
 99.900%  353.02ms
 99.990%  486.40ms
 99.999%  545.28ms
100.000%  545.28ms

  Detailed Percentile spectrum:
       Value   Percentile   TotalCount 1/(1-Percentile)

       6.479     0.000000            1         1.00
       7.603     0.100000          982         1.11
       7.971     0.200000         1967         1.25
       8.311     0.300000         2969         1.43
       8.623     0.400000         3929         1.67
       8.975     0.500000         4906         2.00
       9.183     0.550000         5408         2.22
       9.407     0.600000         5903         2.50
       9.663     0.650000         6373         2.86
       9.943     0.700000         6863         3.33
      10.311     0.750000         7353         4.00
      10.519     0.775000         7599         4.44
      10.775     0.800000         7843         5.00
      11.087     0.825000         8087         5.71
      11.471     0.850000         8334         6.67
      11.927     0.875000         8578         8.00
      12.207     0.887500         8703         8.89
      12.551     0.900000         8822        10.00
      13.015     0.912500         8947        11.43
      13.567     0.925000         9067        13.33
      14.247     0.937500         9190        16.00
      14.647     0.943750         9251        17.78
      15.095     0.950000         9312        20.00
      15.727     0.956250         9374        22.86
      16.559     0.962500         9435        26.67
      18.111     0.968750         9496        32.00
      19.327     0.971875         9527        35.56
      21.887     0.975000         9557        40.00
      40.735     0.978125         9588        45.71
      69.695     0.981250         9619        53.33
     136.703     0.984375         9649        64.00
     164.863     0.985938         9665        71.11
     195.967     0.987500         9680        80.00
     206.975     0.989062         9695        91.43
     233.727     0.990625         9711       106.67
     253.055     0.992188         9726       128.00
     258.559     0.992969         9734       142.22
     262.015     0.993750         9741       160.00
     266.239     0.994531         9749       182.86
     272.895     0.995313         9758       213.33
     276.223     0.996094         9764       256.00
     278.015     0.996484         9768       284.44
     285.183     0.996875         9772       320.00
     290.815     0.997266         9776       365.71
     298.495     0.997656         9780       426.67
     301.823     0.998047         9783       512.00
     312.319     0.998242         9785       568.89
     332.031     0.998437         9787       640.00
     339.967     0.998633         9789       731.43
     346.879     0.998828         9791       853.33
     359.167     0.999023         9793      1024.00
     367.871     0.999121         9794      1137.78
     417.791     0.999219         9796      1280.00
     417.791     0.999316         9796      1462.86
     437.759     0.999414         9797      1706.67
     456.703     0.999512         9798      2048.00
     456.703     0.999561         9798      2275.56
     476.415     0.999609         9799      2560.00
     476.415     0.999658         9799      2925.71
     478.207     0.999707         9800      3413.33
     478.207     0.999756         9800      4096.00
     478.207     0.999780         9800      4551.11
     486.399     0.999805         9801      5120.00
     486.399     0.999829         9801      5851.43
     486.399     0.999854         9801      6826.67
     486.399     0.999878         9801      8192.00
     486.399     0.999890         9801      9102.22
     545.279     0.999902         9802     10240.00
     545.279     1.000000         9802          inf
#[Mean    =       13.731, StdDeviation   =       31.838]
#[Max     =      544.768, Total count    =         9802]
#[Buckets =           27, SubBuckets     =         2048]
-----------------------------------------------------------------------
  14775 requests in 30.02s, 2.69MB read
  Socket errors: connect 0, read 0, write 0, timeout 18
Requests/sec:    492.20  
Transfer/sec:     91.81KB
