Running 30s test @ http://10.111.138.180:8080/wrk2-api/home-timeline/read
  4 threads and 200 connections

  Thread calibration: mean lat.: 1.384ms, rate sampling interval: 10ms
  Thread calibration: mean lat.: 1.398ms, rate sampling interval: 10ms
  Thread calibration: mean lat.: 1.291ms, rate sampling interval: 10ms
  Thread calibration: mean lat.: 1.380ms, rate sampling interval: 10ms

-----------------------------------------------------------------------
Test Results @ http://10.111.138.180:8080/wrk2-api/home-timeline/read 
  Thread Stats   Avg      Stdev     99%   +/- Stdev
    Latency     1.21ms  184.63us   1.70ms   76.96%
    Req/Sec   131.35    116.99   444.00     58.38%
  Latency Distribution (HdrHistogram - Recorded Latency)
 50.000%    1.19ms
 75.000%    1.30ms
 90.000%    1.41ms
 99.000%    1.70ms
 99.900%    3.14ms
 99.990%    3.68ms
 99.999%    3.75ms
100.000%    3.75ms

  Detailed Percentile spectrum:
       Value   Percentile   TotalCount 1/(1-Percentile)

       0.735     0.000000            1         1.00
       1.017     0.100000         1004         1.11
       1.075     0.200000         2002         1.25
       1.119     0.300000         2999         1.43
       1.156     0.400000         4006         1.67
       1.192     0.500000         4993         2.00
       1.210     0.550000         5481         2.22
       1.229     0.600000         5973         2.50
       1.251     0.650000         6491         2.86
       1.274     0.700000         6975         3.33
       1.303     0.750000         7479         4.00
       1.318     0.775000         7728         4.44
       1.333     0.800000         7966         5.00
       1.350     0.825000         8219         5.71
       1.369     0.850000         8471         6.67
       1.390     0.875000         8714         8.00
       1.401     0.887500         8838         8.89
       1.415     0.900000         8966        10.00
       1.430     0.912500         9090        11.43
       1.445     0.925000         9213        13.33
       1.466     0.937500         9343        16.00
       1.478     0.943750         9399        17.78
       1.490     0.950000         9461        20.00
       1.505     0.956250         9523        22.86
       1.523     0.962500         9583        26.67
       1.543     0.968750         9648        32.00
       1.555     0.971875         9677        35.56
       1.568     0.975000         9710        40.00
       1.582     0.978125         9740        45.71
       1.598     0.981250         9770        53.33
       1.632     0.984375         9800        64.00
       1.643     0.985938         9818        71.11
       1.659     0.987500         9831        80.00
       1.685     0.989062         9847        91.43
       1.701     0.990625         9862       106.67
       1.732     0.992188         9878       128.00
       1.764     0.992969         9886       142.22
       1.784     0.993750         9894       160.00
       1.823     0.994531         9902       182.86
       1.900     0.995313         9909       213.33
       2.079     0.996094         9917       256.00
       2.131     0.996484         9921       284.44
       2.153     0.996875         9924       320.00
       2.217     0.997266         9928       365.71
       2.257     0.997656         9932       426.67
       2.385     0.998047         9936       512.00
       2.425     0.998242         9938       568.89
       2.549     0.998437         9940       640.00
       2.923     0.998633         9942       731.43
       2.977     0.998828         9944       853.33
       3.183     0.999023         9946      1024.00
       3.211     0.999121         9947      1137.78
       3.259     0.999219         9948      1280.00
       3.421     0.999316         9949      1462.86
       3.445     0.999414         9950      1706.67
       3.465     0.999512         9951      2048.00
       3.465     0.999561         9951      2275.56
       3.489     0.999609         9952      2560.00
       3.489     0.999658         9952      2925.71
       3.505     0.999707         9953      3413.33
       3.505     0.999756         9953      4096.00
       3.505     0.999780         9953      4551.11
       3.677     0.999805         9954      5120.00
       3.677     0.999829         9954      5851.43
       3.677     0.999854         9954      6826.67
       3.677     0.999878         9954      8192.00
       3.677     0.999890         9954      9102.22
       3.747     0.999902         9955     10240.00
       3.747     1.000000         9955          inf
#[Mean    =        1.211, StdDeviation   =        0.185]
#[Max     =        3.746, Total count    =         9955]
#[Buckets =           27, SubBuckets     =         2048]
-----------------------------------------------------------------------
  14941 requests in 30.02s, 2.49MB read
  Socket errors: connect 0, read 0, write 0, timeout 20
Requests/sec:    497.72  
Transfer/sec:     85.06KB
