Running 30s test @ http://10.111.138.180:8080/wrk2-api/post/compose
  4 threads and 200 connections

  Thread calibration: mean lat.: 1684.331ms, rate sampling interval: 6598ms
  Thread calibration: mean lat.: 1691.860ms, rate sampling interval: 6586ms
  Thread calibration: mean lat.: 1881.289ms, rate sampling interval: 6750ms
  Thread calibration: mean lat.: 1679.035ms, rate sampling interval: 6504ms

-----------------------------------------------------------------------
Test Results @ http://10.111.138.180:8080/wrk2-api/post/compose 
  Thread Stats   Avg      Stdev     99%   +/- Stdev
    Latency   236.77ms  551.95ms   2.47s    87.37%
    Req/Sec   135.64     22.56   155.00     72.73%
  Latency Distribution (HdrHistogram - Recorded Latency)
 50.000%   10.76ms
 75.000%   15.89ms
 90.000%  998.40ms
 99.000%    2.47s 
 99.900%    3.29s 
 99.990%    3.79s 
 99.999%    3.86s 
100.000%    3.86s 

  Detailed Percentile spectrum:
       Value   Percentile   TotalCount 1/(1-Percentile)

       6.599     0.000000            1         1.00
       8.083     0.100000         1059         1.11
       8.695     0.200000         2125         1.25
       9.263     0.300000         3171         1.43
       9.895     0.400000         4234         1.67
      10.759     0.500000         5291         2.00
      11.295     0.550000         5812         2.22
      11.991     0.600000         6340         2.50
      12.807     0.650000         6870         2.86
      13.967     0.700000         7399         3.33
      15.887     0.750000         7924         4.00
      18.111     0.775000         8188         4.44
      30.751     0.800000         8452         5.00
     400.895     0.825000         8717         5.71
     538.623     0.850000         8982         6.67
     799.231     0.875000         9245         8.00
     886.271     0.887500         9377         8.89
     998.399     0.900000         9509        10.00
    1141.759     0.912500         9642        11.43
    1262.591     0.925000         9773        13.33
    1398.783     0.937500         9905        16.00
    1491.967     0.943750         9971        17.78
    1574.911     0.950000        10037        20.00
    1680.383     0.956250        10103        22.86
    1793.023     0.962500        10169        26.67
    1908.735     0.968750        10236        32.00
    1970.175     0.971875        10268        35.56
    2026.495     0.975000        10302        40.00
    2123.775     0.978125        10334        45.71
    2224.127     0.981250        10367        53.33
    2303.999     0.984375        10400        64.00
    2357.247     0.985938        10418        71.11
    2404.351     0.987500        10433        80.00
    2443.263     0.989062        10450        91.43
    2494.463     0.990625        10466       106.67
    2598.911     0.992188        10483       128.00
    2652.159     0.992969        10491       142.22
    2689.023     0.993750        10499       160.00
    2723.839     0.994531        10509       182.86
    2768.895     0.995313        10516       213.33
    2861.055     0.996094        10524       256.00
    2893.823     0.996484        10528       284.44
    2940.927     0.996875        10533       320.00
    2973.695     0.997266        10537       365.71
    3018.751     0.997656        10541       426.67
    3037.183     0.998047        10545       512.00
    3098.623     0.998242        10547       568.89
    3155.967     0.998437        10549       640.00
    3207.167     0.998633        10551       731.43
    3231.743     0.998828        10553       853.33
    3327.999     0.999023        10555      1024.00
    3389.439     0.999121        10556      1137.78
    3407.871     0.999219        10557      1280.00
    3411.967     0.999316        10558      1462.86
    3430.399     0.999414        10559      1706.67
    3434.495     0.999512        10560      2048.00
    3473.407     0.999561        10561      2275.56
    3473.407     0.999609        10561      2560.00
    3614.719     0.999658        10562      2925.71
    3614.719     0.999707        10562      3413.33
    3627.007     0.999756        10563      4096.00
    3627.007     0.999780        10563      4551.11
    3627.007     0.999805        10563      5120.00
    3786.751     0.999829        10564      5851.43
    3786.751     0.999854        10564      6826.67
    3786.751     0.999878        10564      8192.00
    3786.751     0.999890        10564      9102.22
    3786.751     0.999902        10564     10240.00
    3860.479     0.999915        10565     11702.86
    3860.479     1.000000        10565          inf
#[Mean    =      236.767, StdDeviation   =      551.949]
#[Max     =     3858.432, Total count    =        10565]
#[Buckets =           27, SubBuckets     =         2048]
-----------------------------------------------------------------------
  16536 requests in 30.02s, 3.01MB read
  Socket errors: connect 0, read 0, write 0, timeout 5
Requests/sec:    550.77  
Transfer/sec:    102.73KB
