Running 30s test @ http://10.111.138.180:8080/wrk2-api/home-timeline/read
  4 threads and 200 connections

  Thread calibration: mean lat.: 1.716ms, rate sampling interval: 10ms
  Thread calibration: mean lat.: 1.589ms, rate sampling interval: 10ms
  Thread calibration: mean lat.: 1.694ms, rate sampling interval: 10ms
  Thread calibration: mean lat.: 1.501ms, rate sampling interval: 10ms

-----------------------------------------------------------------------
Test Results @ http://10.111.138.180:8080/wrk2-api/home-timeline/read 
  Thread Stats   Avg      Stdev     99%   +/- Stdev
    Latency     1.19ms  186.58us   1.66ms   76.13%
    Req/Sec   156.80    128.49   555.00     59.46%
  Latency Distribution (HdrHistogram - Recorded Latency)
 50.000%    1.17ms
 75.000%    1.28ms
 90.000%    1.41ms
 99.000%    1.66ms
 99.900%    2.99ms
 99.990%    3.93ms
 99.999%    4.02ms
100.000%    4.02ms

  Detailed Percentile spectrum:
       Value   Percentile   TotalCount 1/(1-Percentile)

       0.722     0.000000            1         1.00
       0.992     0.100000         1188         1.11
       1.051     0.200000         2380         1.25
       1.095     0.300000         3563         1.43
       1.134     0.400000         4776         1.67
       1.169     0.500000         5967         2.00
       1.187     0.550000         6534         2.22
       1.207     0.600000         7141         2.50
       1.227     0.650000         7723         2.86
       1.252     0.700000         8318         3.33
       1.281     0.750000         8912         4.00
       1.298     0.775000         9221         4.44
       1.315     0.800000         9506         5.00
       1.332     0.825000         9804         5.71
       1.352     0.850000        10094         6.67
       1.376     0.875000        10393         8.00
       1.388     0.887500        10541         8.89
       1.406     0.900000        10702        10.00
       1.420     0.912500        10836        11.43
       1.436     0.925000        10986        13.33
       1.457     0.937500        11135        16.00
       1.468     0.943750        11209        17.78
       1.482     0.950000        11284        20.00
       1.494     0.956250        11361        22.86
       1.509     0.962500        11430        26.67
       1.530     0.968750        11508        32.00
       1.543     0.971875        11544        35.56
       1.556     0.975000        11579        40.00
       1.569     0.978125        11616        45.71
       1.583     0.981250        11654        53.33
       1.603     0.984375        11690        64.00
       1.613     0.985938        11710        71.11
       1.633     0.987500        11728        80.00
       1.647     0.989062        11747        91.43
       1.663     0.990625        11764       106.67
       1.697     0.992188        11783       128.00
       1.717     0.992969        11792       142.22
       1.737     0.993750        11801       160.00
       1.776     0.994531        11811       182.86
       1.853     0.995313        11820       213.33
       1.924     0.996094        11829       256.00
       2.026     0.996484        11834       284.44
       2.187     0.996875        11838       320.00
       2.215     0.997266        11843       365.71
       2.277     0.997656        11848       426.67
       2.377     0.998047        11852       512.00
       2.579     0.998242        11855       568.89
       2.657     0.998437        11857       640.00
       2.909     0.998633        11859       731.43
       2.979     0.998828        11862       853.33
       3.109     0.999023        11864      1024.00
       3.193     0.999121        11865      1137.78
       3.199     0.999219        11866      1280.00
       3.231     0.999316        11867      1462.86
       3.299     0.999414        11869      1706.67
       3.333     0.999512        11870      2048.00
       3.333     0.999561        11870      2275.56
       3.411     0.999609        11871      2560.00
       3.411     0.999658        11871      2925.71
       3.497     0.999707        11872      3413.33
       3.627     0.999756        11873      4096.00
       3.627     0.999780        11873      4551.11
       3.627     0.999805        11873      5120.00
       3.627     0.999829        11873      5851.43
       3.929     0.999854        11874      6826.67
       3.929     0.999878        11874      8192.00
       3.929     0.999890        11874      9102.22
       3.929     0.999902        11874     10240.00
       3.929     0.999915        11874     11702.86
       4.021     0.999927        11875     13653.33
       4.021     1.000000        11875          inf
#[Mean    =        1.190, StdDeviation   =        0.187]
#[Max     =        4.020, Total count    =        11875]
#[Buckets =           27, SubBuckets     =         2048]
-----------------------------------------------------------------------
  17855 requests in 30.01s, 2.98MB read
  Socket errors: connect 0, read 0, write 0, timeout 5
Requests/sec:    594.92  
Transfer/sec:    101.67KB
