Running 30s test @ http://10.111.138.180:8080/wrk2-api/post/compose
  4 threads and 200 connections

  Thread calibration: mean lat.: 2900.470ms, rate sampling interval: 8335ms
  Thread calibration: mean lat.: 2927.525ms, rate sampling interval: 8626ms
  Thread calibration: mean lat.: 3070.147ms, rate sampling interval: 8798ms
  Thread calibration: mean lat.: 2857.621ms, rate sampling interval: 8601ms

-----------------------------------------------------------------------
Test Results @ http://10.111.138.180:8080/wrk2-api/post/compose 
  Thread Stats   Avg      Stdev     99%   +/- Stdev
    Latency     1.32s     1.40s    5.10s    81.65%
    Req/Sec   162.12     56.20   221.00     62.50%
  Latency Distribution (HdrHistogram - Recorded Latency)
 50.000%  780.29ms
 75.000%    2.25s 
 90.000%    3.47s 
 99.000%    5.10s 
 99.900%    6.00s 
 99.990%    6.32s 
 99.999%    6.60s 
100.000%    6.60s 

  Detailed Percentile spectrum:
       Value   Percentile   TotalCount 1/(1-Percentile)

       6.475     0.000000            1         1.00
      12.295     0.100000         1217         1.11
      55.103     0.200000         2432         1.25
     185.855     0.300000         3648         1.43
     363.007     0.400000         4864         1.67
     780.287     0.500000         6080         2.00
    1077.247     0.550000         6689         2.22
    1353.727     0.600000         7297         2.50
    1648.639     0.650000         7904         2.86
    1948.671     0.700000         8512         3.33
    2246.655     0.750000         9120         4.00
    2408.447     0.775000         9426         4.44
    2598.911     0.800000         9731         5.00
    2781.183     0.825000        10033         5.71
    2996.223     0.850000        10340         6.67
    3209.215     0.875000        10640         8.00
    3334.143     0.887500        10793         8.89
    3469.311     0.900000        10945        10.00
    3594.239     0.912500        11098        11.43
    3725.311     0.925000        11249        13.33
    3915.775     0.937500        11400        16.00
    4005.887     0.943750        11476        17.78
    4108.287     0.950000        11553        20.00
    4227.071     0.956250        11630        22.86
    4337.663     0.962500        11706        26.67
    4460.543     0.968750        11780        32.00
    4542.463     0.971875        11818        35.56
    4632.575     0.975000        11858        40.00
    4706.303     0.978125        11894        45.71
    4780.031     0.981250        11932        53.33
    4870.143     0.984375        11970        64.00
    4919.295     0.985938        11991        71.11
    4960.255     0.987500        12009        80.00
    5025.791     0.989062        12027        91.43
    5140.479     0.990625        12046       106.67
    5201.919     0.992188        12065       128.00
    5238.783     0.992969        12075       142.22
    5296.127     0.993750        12085       160.00
    5357.567     0.994531        12095       182.86
    5402.623     0.995313        12103       213.33
    5484.543     0.996094        12113       256.00
    5533.695     0.996484        12118       284.44
    5566.463     0.996875        12122       320.00
    5640.191     0.997266        12127       365.71
    5685.247     0.997656        12134       426.67
    5693.439     0.998047        12137       512.00
    5722.111     0.998242        12140       568.89
    5726.207     0.998437        12141       640.00
    5857.279     0.998633        12144       731.43
    5984.255     0.998828        12146       853.33
    6033.407     0.999023        12149      1024.00
    6053.887     0.999121        12150      1137.78
    6094.847     0.999219        12151      1280.00
    6115.327     0.999316        12152      1462.86
    6123.519     0.999414        12153      1706.67
    6176.767     0.999512        12155      2048.00
    6176.767     0.999561        12155      2275.56
    6258.687     0.999609        12156      2560.00
    6258.687     0.999658        12156      2925.71
    6270.975     0.999707        12157      3413.33
    6299.647     0.999756        12158      4096.00
    6299.647     0.999780        12158      4551.11
    6299.647     0.999805        12158      5120.00
    6299.647     0.999829        12158      5851.43
    6316.031     0.999854        12159      6826.67
    6316.031     0.999878        12159      8192.00
    6316.031     0.999890        12159      9102.22
    6316.031     0.999902        12159     10240.00
    6316.031     0.999915        12159     11702.86
    6598.655     0.999927        12160     13653.33
    6598.655     1.000000        12160          inf
#[Mean    =     1318.689, StdDeviation   =     1395.039]
#[Max     =     6594.560, Total count    =        12160]
#[Buckets =           27, SubBuckets     =         2048]
-----------------------------------------------------------------------
  17555 requests in 30.05s, 3.20MB read
  Socket errors: connect 0, read 0, write 0, timeout 3
Requests/sec:    584.14  
Transfer/sec:    108.96KB
