Running 30s test @ http://10.111.138.180:8080/wrk2-api/home-timeline/read
  4 threads and 200 connections

  Thread calibration: mean lat.: 1.818ms, rate sampling interval: 10ms
  Thread calibration: mean lat.: 1.954ms, rate sampling interval: 10ms
  Thread calibration: mean lat.: 2.142ms, rate sampling interval: 10ms
  Thread calibration: mean lat.: 2.051ms, rate sampling interval: 10ms

-----------------------------------------------------------------------
Test Results @ http://10.111.138.180:8080/wrk2-api/home-timeline/read 
  Thread Stats   Avg      Stdev     99%   +/- Stdev
    Latency     1.19ms  206.83us   1.78ms   79.28%
    Req/Sec   181.73    139.13   555.00     65.20%
  Latency Distribution (HdrHistogram - Recorded Latency)
 50.000%    1.17ms
 75.000%    1.28ms
 90.000%    1.41ms
 99.000%    1.78ms
 99.900%    3.05ms
 99.990%    4.57ms
 99.999%    4.80ms
100.000%    4.80ms

  Detailed Percentile spectrum:
       Value   Percentile   TotalCount 1/(1-Percentile)

       0.732     0.000000            1         1.00
       0.987     0.100000         1379         1.11
       1.045     0.200000         2754         1.25
       1.090     0.300000         4150         1.43
       1.129     0.400000         5528         1.67
       1.167     0.500000         6892         2.00
       1.187     0.550000         7593         2.22
       1.208     0.600000         8275         2.50
       1.229     0.650000         8952         2.86
       1.255     0.700000         9643         3.33
       1.283     0.750000        10341         4.00
       1.300     0.775000        10674         4.44
       1.318     0.800000        11019         5.00
       1.338     0.825000        11354         5.71
       1.360     0.850000        11700         6.67
       1.384     0.875000        12038         8.00
       1.399     0.887500        12209         8.89
       1.414     0.900000        12382        10.00
       1.433     0.912500        12558        11.43
       1.456     0.925000        12727        13.33
       1.480     0.937500        12900        16.00
       1.495     0.943750        12988        17.78
       1.507     0.950000        13072        20.00
       1.525     0.956250        13157        22.86
       1.549     0.962500        13245        26.67
       1.573     0.968750        13329        32.00
       1.591     0.971875        13371        35.56
       1.609     0.975000        13414        40.00
       1.627     0.978125        13456        45.71
       1.649     0.981250        13499        53.33
       1.677     0.984375        13542        64.00
       1.696     0.985938        13566        71.11
       1.715     0.987500        13587        80.00
       1.751     0.989062        13606        91.43
       1.793     0.990625        13628       106.67
       1.864     0.992188        13649       128.00
       1.927     0.992969        13660       142.22
       2.022     0.993750        13671       160.00
       2.087     0.994531        13681       182.86
       2.179     0.995313        13693       213.33
       2.243     0.996094        13703       256.00
       2.263     0.996484        13708       284.44
       2.285     0.996875        13714       320.00
       2.365     0.997266        13719       365.71
       2.451     0.997656        13724       426.67
       2.613     0.998047        13730       512.00
       2.623     0.998242        13732       568.89
       2.753     0.998437        13735       640.00
       2.897     0.998633        13738       731.43
       2.977     0.998828        13740       853.33
       3.181     0.999023        13743      1024.00
       3.215     0.999121        13744      1137.78
       3.313     0.999219        13746      1280.00
       3.325     0.999316        13747      1462.86
       3.369     0.999414        13748      1706.67
       3.723     0.999512        13750      2048.00
       3.723     0.999561        13750      2275.56
       4.049     0.999609        13751      2560.00
       4.107     0.999658        13752      2925.71
       4.107     0.999707        13752      3413.33
       4.215     0.999756        13753      4096.00
       4.215     0.999780        13753      4551.11
       4.415     0.999805        13754      5120.00
       4.415     0.999829        13754      5851.43
       4.415     0.999854        13754      6826.67
       4.567     0.999878        13755      8192.00
       4.567     0.999890        13755      9102.22
       4.567     0.999902        13755     10240.00
       4.567     0.999915        13755     11702.86
       4.567     0.999927        13755     13653.33
       4.795     0.999939        13756     16384.00
       4.795     1.000000        13756          inf
#[Mean    =        1.194, StdDeviation   =        0.207]
#[Max     =        4.792, Total count    =        13756]
#[Buckets =           27, SubBuckets     =         2048]
-----------------------------------------------------------------------
  20719 requests in 30.01s, 3.46MB read
  Socket errors: connect 0, read 0, write 0, timeout 3
Requests/sec:    690.34  
Transfer/sec:    117.98KB
