Running 30s test @ http://10.111.138.180:8080/wrk2-api/post/compose
  4 threads and 200 connections

  Thread calibration: mean lat.: 2471.363ms, rate sampling interval: 7450ms
  Thread calibration: mean lat.: 2560.795ms, rate sampling interval: 7553ms
  Thread calibration: mean lat.: 2409.455ms, rate sampling interval: 6897ms
  Thread calibration: mean lat.: 2505.948ms, rate sampling interval: 7155ms

-----------------------------------------------------------------------
Test Results @ http://10.111.138.180:8080/wrk2-api/post/compose 
  Thread Stats   Avg      Stdev     99%   +/- Stdev
    Latency     2.36s     1.99s    8.33s    70.96%
    Req/Sec   168.75     54.52   229.00     62.50%
  Latency Distribution (HdrHistogram - Recorded Latency)
 50.000%    1.87s 
 75.000%    3.43s 
 90.000%    5.27s 
 99.000%    8.33s 
 99.900%   10.36s 
 99.990%   11.57s 
 99.999%   11.59s 
100.000%   11.59s 

  Detailed Percentile spectrum:
       Value   Percentile   TotalCount 1/(1-Percentile)

     154.111     0.000000            1         1.00
     303.615     0.100000         1170         1.11
     547.327     0.200000         2344         1.25
     882.687     0.300000         3511         1.43
    1372.159     0.400000         4680         1.67
    1866.751     0.500000         5850         2.00
    2140.159     0.550000         6435         2.22
    2443.263     0.600000         7022         2.50
    2746.367     0.650000         7606         2.86
    3057.663     0.700000         8190         3.33
    3426.303     0.750000         8777         4.00
    3629.055     0.775000         9068         4.44
    3880.959     0.800000         9361         5.00
    4173.823     0.825000         9653         5.71
    4472.831     0.850000         9950         6.67
    4874.239     0.875000        10238         8.00
    5079.039     0.887500        10384         8.89
    5267.455     0.900000        10530        10.00
    5484.543     0.912500        10677        11.43
    5750.783     0.925000        10823        13.33
    6041.599     0.937500        10969        16.00
    6238.207     0.943750        11044        17.78
    6418.431     0.950000        11115        20.00
    6574.079     0.956250        11189        22.86
    6782.975     0.962500        11263        26.67
    7012.351     0.968750        11335        32.00
    7110.655     0.971875        11373        35.56
    7290.879     0.975000        11409        40.00
    7450.623     0.978125        11445        45.71
    7573.503     0.981250        11481        53.33
    7798.783     0.984375        11518        64.00
    7925.759     0.985938        11537        71.11
    8069.119     0.987500        11554        80.00
    8196.095     0.989062        11573        91.43
    8429.567     0.990625        11591       106.67
    8593.407     0.992188        11610       128.00
    8740.863     0.992969        11618       142.22
    8839.167     0.993750        11628       160.00
    9052.159     0.994531        11638       182.86
    9232.383     0.995313        11646       213.33
    9338.879     0.996094        11655       256.00
    9510.911     0.996484        11659       284.44
    9592.831     0.996875        11664       320.00
    9805.823     0.997266        11669       365.71
    9863.167     0.997656        11674       426.67
   10002.431     0.998047        11678       512.00
   10076.159     0.998242        11680       568.89
   10158.079     0.998437        11682       640.00
   10207.231     0.998633        11685       731.43
   10280.959     0.998828        11687       853.33
   10371.071     0.999023        11689      1024.00
   10379.263     0.999121        11690      1137.78
   10526.719     0.999219        11691      1280.00
   10616.831     0.999316        11693      1462.86
   10788.863     0.999414        11695      1706.67
   10788.863     0.999512        11695      2048.00
   10788.863     0.999561        11695      2275.56
   10797.055     0.999609        11696      2560.00
   10993.663     0.999658        11697      2925.71
   10993.663     0.999707        11697      3413.33
   11083.775     0.999756        11698      4096.00
   11083.775     0.999780        11698      4551.11
   11083.775     0.999805        11698      5120.00
   11567.103     0.999829        11699      5851.43
   11567.103     0.999854        11699      6826.67
   11567.103     0.999878        11699      8192.00
   11567.103     0.999890        11699      9102.22
   11567.103     0.999902        11699     10240.00
   11591.679     0.999915        11700     11702.86
   11591.679     1.000000        11700          inf
#[Mean    =     2359.855, StdDeviation   =     1988.678]
#[Max     =    11583.488, Total count    =        11700]
#[Buckets =           27, SubBuckets     =         2048]
-----------------------------------------------------------------------
  18029 requests in 30.00s, 3.28MB read
Requests/sec:    600.97  
Transfer/sec:    112.10KB
