Running 30s test @ http://10.111.138.180:8080/wrk2-api/home-timeline/read
  4 threads and 200 connections

  Thread calibration: mean lat.: 1.870ms, rate sampling interval: 10ms
  Thread calibration: mean lat.: 1.186ms, rate sampling interval: 10ms
  Thread calibration: mean lat.: 1.596ms, rate sampling interval: 10ms
  Thread calibration: mean lat.: 1.905ms, rate sampling interval: 10ms

-----------------------------------------------------------------------
Test Results @ http://10.111.138.180:8080/wrk2-api/home-timeline/read 
  Thread Stats   Avg      Stdev     99%   +/- Stdev
    Latency     1.18ms  210.23us   1.76ms   79.61%
    Req/Sec   209.63    150.02   600.00     71.54%
  Latency Distribution (HdrHistogram - Recorded Latency)
 50.000%    1.15ms
 75.000%    1.27ms
 90.000%    1.40ms
 99.000%    1.76ms
 99.900%    3.11ms
 99.990%    5.03ms
 99.999%    6.61ms
100.000%    6.61ms

  Detailed Percentile spectrum:
       Value   Percentile   TotalCount 1/(1-Percentile)

       0.727     0.000000            1         1.00
       0.973     0.100000         1592         1.11
       1.028     0.200000         3201         1.25
       1.073     0.300000         4779         1.43
       1.112     0.400000         6369         1.67
       1.150     0.500000         7938         2.00
       1.171     0.550000         8755         2.22
       1.191     0.600000         9528         2.50
       1.213     0.650000        10319         2.86
       1.238     0.700000        11107         3.33
       1.269     0.750000        11915         4.00
       1.287     0.775000        12300         4.44
       1.307     0.800000        12710         5.00
       1.328     0.825000        13104         5.71
       1.350     0.850000        13511         6.67
       1.374     0.875000        13894         8.00
       1.387     0.887500        14086         8.89
       1.403     0.900000        14283        10.00
       1.422     0.912500        14485        11.43
       1.444     0.925000        14681        13.33
       1.469     0.937500        14883        16.00
       1.483     0.943750        14981        17.78
       1.499     0.950000        15078        20.00
       1.518     0.956250        15174        22.86
       1.537     0.962500        15276        26.67
       1.565     0.968750        15376        32.00
       1.581     0.971875        15421        35.56
       1.599     0.975000        15473        40.00
       1.621     0.978125        15523        45.71
       1.640     0.981250        15572        53.33
       1.669     0.984375        15620        64.00
       1.688     0.985938        15644        71.11
       1.708     0.987500        15669        80.00
       1.747     0.989062        15694        91.43
       1.776     0.990625        15719       106.67
       1.827     0.992188        15744       128.00
       1.848     0.992969        15756       142.22
       1.899     0.993750        15768       160.00
       1.935     0.994531        15781       182.86
       2.022     0.995313        15793       213.33
       2.195     0.996094        15806       256.00
       2.273     0.996484        15812       284.44
       2.323     0.996875        15818       320.00
       2.371     0.997266        15824       365.71
       2.455     0.997656        15830       426.67
       2.497     0.998047        15837       512.00
       2.553     0.998242        15840       568.89
       2.605     0.998437        15843       640.00
       2.837     0.998633        15846       731.43
       2.941     0.998828        15849       853.33
       3.127     0.999023        15852      1024.00
       3.165     0.999121        15854      1137.78
       3.265     0.999219        15855      1280.00
       3.399     0.999316        15857      1462.86
       3.407     0.999414        15858      1706.67
       3.527     0.999512        15860      2048.00
       3.753     0.999561        15861      2275.56
       3.753     0.999609        15861      2560.00
       3.823     0.999658        15862      2925.71
       3.857     0.999707        15863      3413.33
       4.151     0.999756        15864      4096.00
       4.151     0.999780        15864      4551.11
       4.151     0.999805        15864      5120.00
       5.035     0.999829        15865      5851.43
       5.035     0.999854        15865      6826.67
       6.043     0.999878        15866      8192.00
       6.043     0.999890        15866      9102.22
       6.043     0.999902        15866     10240.00
       6.043     0.999915        15866     11702.86
       6.043     0.999927        15866     13653.33
       6.607     0.999939        15867     16384.00
       6.607     1.000000        15867          inf
#[Mean    =        1.178, StdDeviation   =        0.210]
#[Max     =        6.604, Total count    =        15867]
#[Buckets =           27, SubBuckets     =         2048]
-----------------------------------------------------------------------
  23655 requests in 30.01s, 3.95MB read
  Socket errors: connect 0, read 0, write 0, timeout 3
Requests/sec:    788.22  
Transfer/sec:    134.71KB
