Running 30s test @ http://10.111.138.180:8080/wrk2-api/post/compose
  4 threads and 200 connections

  Thread calibration: mean lat.: 1892.280ms, rate sampling interval: 5922ms
  Thread calibration: mean lat.: 1873.666ms, rate sampling interval: 5836ms
  Thread calibration: mean lat.: 1864.901ms, rate sampling interval: 6074ms
  Thread calibration: mean lat.: 1864.006ms, rate sampling interval: 6025ms

-----------------------------------------------------------------------
Test Results @ http://10.111.138.180:8080/wrk2-api/post/compose 
  Thread Stats   Avg      Stdev     99%   +/- Stdev
    Latency     3.32s     2.61s   10.56s    69.73%
    Req/Sec   144.33     56.71   228.00     58.33%
  Latency Distribution (HdrHistogram - Recorded Latency)
 50.000%    2.52s 
 75.000%    4.66s 
 90.000%    7.44s 
 99.000%   10.56s 
 99.900%   12.28s 
 99.990%   13.67s 
 99.999%   14.03s 
100.000%   14.03s 

  Detailed Percentile spectrum:
       Value   Percentile   TotalCount 1/(1-Percentile)

     175.871     0.000000            1         1.00
     592.895     0.100000         1114         1.11
    1098.751     0.200000         2229         1.25
    1600.511     0.300000         3342         1.43
    2043.903     0.400000         4456         1.67
    2521.087     0.500000         5570         2.00
    2785.279     0.550000         6128         2.22
    3112.959     0.600000         6685         2.50
    3543.039     0.650000         7240         2.86
    4020.223     0.700000         7800         3.33
    4657.151     0.750000         8356         4.00
    5079.039     0.775000         8632         4.44
    5529.599     0.800000         8914         5.00
    5996.543     0.825000         9190         5.71
    6451.199     0.850000         9469         6.67
    6930.431     0.875000         9747         8.00
    7147.519     0.887500         9885         8.89
    7438.335     0.900000        10025        10.00
    7700.479     0.912500        10164        11.43
    8044.543     0.925000        10304        13.33
    8347.647     0.937500        10444        16.00
    8536.063     0.943750        10514        17.78
    8724.479     0.950000        10583        20.00
    8945.663     0.956250        10652        22.86
    9175.039     0.962500        10722        26.67
    9445.375     0.968750        10792        32.00
    9584.639     0.971875        10825        35.56
    9723.903     0.975000        10861        40.00
    9854.975     0.978125        10896        45.71
   10010.623     0.981250        10930        53.33
   10215.423     0.984375        10964        64.00
   10313.727     0.985938        10982        71.11
   10444.799     0.987500        10999        80.00
   10526.719     0.989062        11018        91.43
   10608.639     0.990625        11035       106.67
   10764.287     0.992188        11051       128.00
   10862.591     0.992969        11060       142.22
   10952.703     0.993750        11069       160.00
   11042.815     0.994531        11080       182.86
   11149.311     0.995313        11086       213.33
   11304.959     0.996094        11095       256.00
   11386.879     0.996484        11099       284.44
   11460.607     0.996875        11104       320.00
   11509.759     0.997266        11108       365.71
   11583.487     0.997656        11112       426.67
   11812.863     0.998047        11117       512.00
   11902.975     0.998242        11119       568.89
   11935.743     0.998437        11121       640.00
   11976.703     0.998633        11123       731.43
   12189.695     0.998828        11125       853.33
   12337.151     0.999023        11128      1024.00
   12394.495     0.999121        11129      1137.78
   12673.023     0.999219        11130      1280.00
   12795.903     0.999316        11131      1462.86
   12845.055     0.999414        11132      1706.67
   12976.127     0.999512        11133      2048.00
   13156.351     0.999561        11134      2275.56
   13156.351     0.999609        11134      2560.00
   13172.735     0.999658        11135      2925.71
   13172.735     0.999707        11135      3413.33
   13279.231     0.999756        11136      4096.00
   13279.231     0.999780        11136      4551.11
   13279.231     0.999805        11136      5120.00
   13672.447     0.999829        11137      5851.43
   13672.447     0.999854        11137      6826.67
   13672.447     0.999878        11137      8192.00
   13672.447     0.999890        11137      9102.22
   13672.447     0.999902        11137     10240.00
   14032.895     0.999915        11138     11702.86
   14032.895     1.000000        11138          inf
#[Mean    =     3315.530, StdDeviation   =     2607.175]
#[Max     =    14024.704, Total count    =        11138]
#[Buckets =           27, SubBuckets     =         2048]
-----------------------------------------------------------------------
  18446 requests in 30.05s, 3.36MB read
Requests/sec:    613.76  
Transfer/sec:    114.48KB
