Running 30s test @ http://10.111.138.180:8080/wrk2-api/home-timeline/read
  4 threads and 200 connections

  Thread calibration: mean lat.: 3.988ms, rate sampling interval: 10ms
  Thread calibration: mean lat.: 2.768ms, rate sampling interval: 10ms
  Thread calibration: mean lat.: 2.744ms, rate sampling interval: 10ms
  Thread calibration: mean lat.: 1.188ms, rate sampling interval: 10ms

-----------------------------------------------------------------------
Test Results @ http://10.111.138.180:8080/wrk2-api/home-timeline/read 
  Thread Stats   Avg      Stdev     99%   +/- Stdev
    Latency     1.16ms  200.86us   1.77ms   76.91%
    Req/Sec   236.06    158.31   666.00     70.19%
  Latency Distribution (HdrHistogram - Recorded Latency)
 50.000%    1.13ms
 75.000%    1.25ms
 90.000%    1.39ms
 99.000%    1.77ms
 99.900%    2.81ms
 99.990%    3.78ms
 99.999%    4.72ms
100.000%    4.72ms

  Detailed Percentile spectrum:
       Value   Percentile   TotalCount 1/(1-Percentile)

       0.706     0.000000            1         1.00
       0.952     0.100000         1794         1.11
       1.010     0.200000         3576         1.25
       1.054     0.300000         5377         1.43
       1.093     0.400000         7179         1.67
       1.131     0.500000         8936         2.00
       1.151     0.550000         9855         2.22
       1.171     0.600000        10714         2.50
       1.193     0.650000        11618         2.86
       1.219     0.700000        12513         3.33
       1.250     0.750000        13404         4.00
       1.267     0.775000        13840         4.44
       1.286     0.800000        14288         5.00
       1.310     0.825000        14740         5.71
       1.334     0.850000        15175         6.67
       1.360     0.875000        15623         8.00
       1.375     0.887500        15846         8.89
       1.392     0.900000        16074        10.00
       1.410     0.912500        16297        11.43
       1.431     0.925000        16513        13.33
       1.454     0.937500        16740        16.00
       1.468     0.943750        16849        17.78
       1.484     0.950000        16962        20.00
       1.506     0.956250        17075        22.86
       1.529     0.962500        17185        26.67
       1.553     0.968750        17294        32.00
       1.571     0.971875        17350        35.56
       1.591     0.975000        17405        40.00
       1.611     0.978125        17462        45.71
       1.641     0.981250        17517        53.33
       1.672     0.984375        17573        64.00
       1.695     0.985938        17600        71.11
       1.709     0.987500        17628        80.00
       1.755     0.989062        17656        91.43
       1.788     0.990625        17685       106.67
       1.823     0.992188        17712       128.00
       1.847     0.992969        17726       142.22
       1.881     0.993750        17740       160.00
       1.941     0.994531        17755       182.86
       2.013     0.995313        17768       213.33
       2.079     0.996094        17782       256.00
       2.123     0.996484        17790       284.44
       2.147     0.996875        17796       320.00
       2.177     0.997266        17803       365.71
       2.237     0.997656        17810       426.67
       2.331     0.998047        17817       512.00
       2.345     0.998242        17820       568.89
       2.389     0.998437        17824       640.00
       2.445     0.998633        17827       731.43
       2.633     0.998828        17831       853.33
       2.973     0.999023        17834      1024.00
       3.039     0.999121        17836      1137.78
       3.245     0.999219        17838      1280.00
       3.275     0.999316        17839      1462.86
       3.305     0.999414        17841      1706.67
       3.367     0.999512        17843      2048.00
       3.419     0.999561        17844      2275.56
       3.479     0.999609        17845      2560.00
       3.479     0.999658        17845      2925.71
       3.559     0.999707        17846      3413.33
       3.683     0.999756        17847      4096.00
       3.753     0.999780        17848      4551.11
       3.753     0.999805        17848      5120.00
       3.753     0.999829        17848      5851.43
       3.781     0.999854        17849      6826.67
       3.781     0.999878        17849      8192.00
       4.231     0.999890        17850      9102.22
       4.231     0.999902        17850     10240.00
       4.231     0.999915        17850     11702.86
       4.231     0.999927        17850     13653.33
       4.231     0.999939        17850     16384.00
       4.719     0.999945        17851     18204.44
       4.719     1.000000        17851          inf
#[Mean    =        1.160, StdDeviation   =        0.201]
#[Max     =        4.716, Total count    =        17851]
#[Buckets =           27, SubBuckets     =         2048]
-----------------------------------------------------------------------
  26597 requests in 30.00s, 4.44MB read
  Socket errors: connect 0, read 0, write 0, timeout 1
Requests/sec:    886.48  
Transfer/sec:    151.50KB
