Running 30s test @ http://10.99.59.146:8080/wrk2-api/post/compose
  4 threads and 200 connections

  Thread calibration: mean lat.: 3656.233ms, rate sampling interval: 12517ms
  Thread calibration: mean lat.: 3787.151ms, rate sampling interval: 12984ms
  Thread calibration: mean lat.: 3734.049ms, rate sampling interval: 12976ms
  Thread calibration: mean lat.: 3806.949ms, rate sampling interval: 13049ms

-----------------------------------------------------------------------
Test Results @ http://10.99.59.146:8080/wrk2-api/post/compose 
  Thread Stats   Avg      Stdev     99%   +/- Stdev
    Latency    13.63s     4.09s   21.86s    59.63%
    Req/Sec    80.25      0.43    81.00    100.00%
  Latency Distribution (HdrHistogram - Recorded Latency)
 50.000%   13.52s 
 75.000%   16.99s 
 90.000%   19.22s 
 99.000%   21.86s 
 99.900%   23.00s 
 99.990%   23.33s 
 99.999%   23.40s 
100.000%   23.40s 

  Detailed Percentile spectrum:
       Value   Percentile   TotalCount 1/(1-Percentile)

    4902.911     0.000000            1         1.00
    8220.671     0.100000          638         1.11
    9478.143     0.200000         1275         1.25
   10788.863     0.300000         1911         1.43
   12156.927     0.400000         2549         1.67
   13524.991     0.500000         3189         2.00
   14196.735     0.550000         3503         2.22
   14901.247     0.600000         3824         2.50
   15581.183     0.650000         4141         2.86
   16269.311     0.700000         4461         3.33
   16990.207     0.750000         4779         4.00
   17367.039     0.775000         4938         4.44
   17711.103     0.800000         5100         5.00
   18038.783     0.825000         5262         5.71
   18448.383     0.850000         5426         6.67
   18792.447     0.875000         5574         8.00
   19005.439     0.887500         5656         8.89
   19218.431     0.900000         5733        10.00
   19464.191     0.912500         5818        11.43
   19709.951     0.925000         5894        13.33
   19955.711     0.937500         5972        16.00
   20103.167     0.943750         6015        17.78
   20201.471     0.950000         6051        20.00
   20414.463     0.956250         6093        22.86
   20578.303     0.962500         6132        26.67
   20774.911     0.968750         6173        32.00
   20905.983     0.971875         6191        35.56
   21020.671     0.975000         6210        40.00
   21135.359     0.978125         6234        45.71
   21200.895     0.981250         6250        53.33
   21446.655     0.984375         6271        64.00
   21561.343     0.985938         6280        71.11
   21676.031     0.987500         6290        80.00
   21790.719     0.989062         6300        91.43
   21889.023     0.990625         6311       106.67
   22085.631     0.992188         6320       128.00
   22200.319     0.992969         6326       142.22
   22298.623     0.993750         6330       160.00
   22413.311     0.994531         6335       182.86
   22495.231     0.995313         6342       213.33
   22527.999     0.996094         6345       256.00
   22560.767     0.996484         6347       284.44
   22609.919     0.996875         6350       320.00
   22740.991     0.997266         6352       365.71
   22839.295     0.997656         6357       426.67
   22839.295     0.998047         6357       512.00
   22855.679     0.998242         6358       568.89
   22904.831     0.998437         6360       640.00
   22921.215     0.998633         6361       731.43
   22986.751     0.998828         6362       853.33
   23003.135     0.999023         6363      1024.00
   23085.055     0.999121         6364      1137.78
   23199.743     0.999219         6366      1280.00
   23199.743     0.999316         6366      1462.86
   23199.743     0.999414         6366      1706.67
   23199.743     0.999512         6366      2048.00
   23265.279     0.999561         6367      2275.56
   23265.279     0.999609         6367      2560.00
   23265.279     0.999658         6367      2925.71
   23330.815     0.999707         6368      3413.33
   23330.815     0.999756         6368      4096.00
   23330.815     0.999780         6368      4551.11
   23330.815     0.999805         6368      5120.00
   23330.815     0.999829         6368      5851.43
   23396.351     0.999854         6369      6826.67
   23396.351     1.000000         6369          inf
#[Mean    =    13628.793, StdDeviation   =     4086.924]
#[Max     =    23379.968, Total count    =         6369]
#[Buckets =           27, SubBuckets     =         2048]
-----------------------------------------------------------------------
  9263 requests in 30.00s, 1.69MB read
Requests/sec:    308.74  
Transfer/sec:     57.59KB
