Running 30s test @ http://10.99.59.146:8080/wrk2-api/home-timeline/read
  4 threads and 200 connections

  Thread calibration: mean lat.: 29.013ms, rate sampling interval: 10ms
  Thread calibration: mean lat.: 24.381ms, rate sampling interval: 10ms
  Thread calibration: mean lat.: 24.815ms, rate sampling interval: 10ms
  Thread calibration: mean lat.: 22.168ms, rate sampling interval: 10ms

-----------------------------------------------------------------------
Test Results @ http://10.99.59.146:8080/wrk2-api/home-timeline/read 
  Thread Stats   Avg      Stdev     99%   +/- Stdev
    Latency     1.17ms  228.35us   1.89ms   80.84%
    Req/Sec   264.06    168.29   700.00     74.15%
  Latency Distribution (HdrHistogram - Recorded Latency)
 50.000%    1.13ms
 75.000%    1.26ms
 90.000%    1.41ms
 99.000%    1.89ms
 99.900%    3.51ms
 99.990%    4.08ms
 99.999%    4.15ms
100.000%    4.15ms

  Detailed Percentile spectrum:
       Value   Percentile   TotalCount 1/(1-Percentile)

       0.690     0.000000            1         1.00
       0.951     0.100000         2027         1.11
       1.004     0.200000         4015         1.25
       1.049     0.300000         5998         1.43
       1.090     0.400000         8024         1.67
       1.130     0.500000        10047         2.00
       1.149     0.550000        10995         2.22
       1.170     0.600000        11996         2.50
       1.195     0.650000        12995         2.86
       1.224     0.700000        13994         3.33
       1.256     0.750000        14996         4.00
       1.274     0.775000        15502         4.44
       1.294     0.800000        16011         5.00
       1.318     0.825000        16513         5.71
       1.346     0.850000        17000         6.67
       1.377     0.875000        17505         8.00
       1.393     0.887500        17747         8.89
       1.413     0.900000        18004        10.00
       1.432     0.912500        18247        11.43
       1.459     0.925000        18493        13.33
       1.488     0.937500        18743        16.00
       1.504     0.943750        18865        17.78
       1.525     0.950000        18992        20.00
       1.547     0.956250        19118        22.86
       1.575     0.962500        19248        26.67
       1.607     0.968750        19365        32.00
       1.629     0.971875        19430        35.56
       1.647     0.975000        19490        40.00
       1.671     0.978125        19552        45.71
       1.710     0.981250        19615        53.33
       1.759     0.984375        19677        64.00
       1.784     0.985938        19708        71.11
       1.832     0.987500        19740        80.00
       1.855     0.989062        19772        91.43
       1.922     0.990625        19803       106.67
       1.999     0.992188        19833       128.00
       2.042     0.992969        19849       142.22
       2.085     0.993750        19865       160.00
       2.167     0.994531        19880       182.86
       2.257     0.995313        19896       213.33
       2.357     0.996094        19911       256.00
       2.425     0.996484        19919       284.44
       2.483     0.996875        19927       320.00
       2.527     0.997266        19935       365.71
       2.705     0.997656        19943       426.67
       2.897     0.998047        19950       512.00
       2.953     0.998242        19954       568.89
       3.141     0.998437        19958       640.00
       3.207     0.998633        19962       731.43
       3.359     0.998828        19966       853.33
       3.551     0.999023        19970      1024.00
       3.561     0.999121        19972      1137.78
       3.619     0.999219        19974      1280.00
       3.679     0.999316        19976      1462.86
       3.779     0.999414        19978      1706.67
       3.921     0.999512        19980      2048.00
       3.923     0.999561        19981      2275.56
       3.927     0.999609        19982      2560.00
       3.965     0.999658        19983      2925.71
       3.989     0.999707        19984      3413.33
       4.001     0.999756        19985      4096.00
       4.001     0.999780        19985      4551.11
       4.041     0.999805        19986      5120.00
       4.041     0.999829        19986      5851.43
       4.079     0.999854        19987      6826.67
       4.079     0.999878        19987      8192.00
       4.079     0.999890        19987      9102.22
       4.143     0.999902        19988     10240.00
       4.143     0.999915        19988     11702.86
       4.143     0.999927        19988     13653.33
       4.143     0.999939        19988     16384.00
       4.143     0.999945        19988     18204.44
       4.151     0.999951        19989     20480.00
       4.151     1.000000        19989          inf
#[Mean    =        1.167, StdDeviation   =        0.228]
#[Max     =        4.148, Total count    =        19989]
#[Buckets =           27, SubBuckets     =         2048]
-----------------------------------------------------------------------
  29900 requests in 30.01s, 4.99MB read
Requests/sec:    996.44  
Transfer/sec:    170.29KB
