Running 30s test @ http://10.99.59.146:8080/wrk2-api/user-timeline/read
  4 threads and 200 connections

  Thread calibration: mean lat.: 2319.046ms, rate sampling interval: 8216ms
  Thread calibration: mean lat.: 2379.401ms, rate sampling interval: 8286ms
  Thread calibration: mean lat.: 2272.210ms, rate sampling interval: 8335ms
  Thread calibration: mean lat.: 2481.023ms, rate sampling interval: 8470ms

-----------------------------------------------------------------------
Test Results @ http://10.99.59.146:8080/wrk2-api/user-timeline/read 
  Thread Stats   Avg      Stdev     99%   +/- Stdev
    Latency     7.91s     2.73s   14.93s    66.38%
    Req/Sec   138.75      6.02   146.00     75.00%
  Latency Distribution (HdrHistogram - Recorded Latency)
 50.000%    7.66s 
 75.000%    9.74s 
 90.000%   11.63s 
 99.000%   14.93s 
 99.900%   17.01s 
 99.990%   17.69s 
 99.999%   18.27s 
100.000%   18.27s 

  Detailed Percentile spectrum:
       Value   Percentile   TotalCount 1/(1-Percentile)

    1362.943     0.000000            1         1.00
    4546.559     0.100000          976         1.11
    5459.967     0.200000         1952         1.25
    6238.207     0.300000         2925         1.43
    6942.719     0.400000         3898         1.67
    7655.423     0.500000         4878         2.00
    8011.775     0.550000         5357         2.22
    8421.375     0.600000         5844         2.50
    8839.167     0.650000         6340         2.86
    9265.151     0.700000         6823         3.33
    9740.287     0.750000         7306         4.00
    9994.239     0.775000         7552         4.44
   10264.575     0.800000         7794         5.00
   10559.487     0.825000         8037         5.71
   10895.359     0.850000         8281         6.67
   11223.039     0.875000         8527         8.00
   11411.455     0.887500         8646         8.89
   11632.639     0.900000         8768        10.00
   11886.591     0.912500         8892        11.43
   12140.543     0.925000         9010        13.33
   12419.071     0.937500         9135        16.00
   12566.527     0.943750         9196        17.78
   12754.943     0.950000         9254        20.00
   12951.551     0.956250         9315        22.86
   13139.967     0.962500         9376        26.67
   13418.495     0.968750         9437        32.00
   13574.143     0.971875         9469        35.56
   13713.407     0.975000         9497        40.00
   13836.287     0.978125         9527        45.71
   14057.471     0.981250         9558        53.33
   14278.655     0.984375         9588        64.00
   14467.071     0.985938         9606        71.11
   14614.527     0.987500         9619        80.00
   14753.791     0.989062         9635        91.43
   14999.551     0.990625         9650       106.67
   15245.311     0.992188         9664       128.00
   15376.383     0.992969         9674       142.22
   15515.647     0.993750         9680       160.00
   15769.599     0.994531         9687       182.86
   15958.015     0.995313         9695       213.33
   16113.663     0.996094         9702       256.00
   16261.119     0.996484         9706       284.44
   16351.231     0.996875         9710       320.00
   16482.303     0.997266         9715       365.71
   16547.839     0.997656         9718       426.67
   16637.951     0.998047         9722       512.00
   16670.719     0.998242         9723       568.89
   16793.599     0.998437         9725       640.00
   16924.671     0.998633         9728       731.43
   16973.823     0.998828         9729       853.33
   17022.975     0.999023         9731      1024.00
   17055.743     0.999121         9732      1137.78
   17186.815     0.999219         9734      1280.00
   17186.815     0.999316         9734      1462.86
   17448.959     0.999414         9735      1706.67
   17465.343     0.999512         9736      2048.00
   17465.343     0.999561         9736      2275.56
   17563.647     0.999609         9737      2560.00
   17563.647     0.999658         9737      2925.71
   17629.183     0.999707         9738      3413.33
   17629.183     0.999756         9738      4096.00
   17629.183     0.999780         9738      4551.11
   17694.719     0.999805         9739      5120.00
   17694.719     0.999829         9739      5851.43
   17694.719     0.999854         9739      6826.67
   17694.719     0.999878         9739      8192.00
   17694.719     0.999890         9739      9102.22
   18268.159     0.999902         9740     10240.00
   18268.159     1.000000         9740          inf
#[Mean    =     7913.022, StdDeviation   =     2729.715]
#[Max     =    18251.776, Total count    =         9740]
#[Buckets =           27, SubBuckets     =         2048]
-----------------------------------------------------------------------
  15306 requests in 30.05s, 13.97MB read
  Non-2xx or 3xx responses: 14575
Requests/sec:    509.33  
Transfer/sec:    476.07KB
