Running 30s test @ http://10.99.59.146:8080/wrk2-api/home-timeline/read
  4 threads and 200 connections

  Thread calibration: mean lat.: 1.446ms, rate sampling interval: 10ms
  Thread calibration: mean lat.: 1.235ms, rate sampling interval: 10ms
  Thread calibration: mean lat.: 1.620ms, rate sampling interval: 10ms
  Thread calibration: mean lat.: 1.525ms, rate sampling interval: 10ms

-----------------------------------------------------------------------
Test Results @ http://10.99.59.146:8080/wrk2-api/home-timeline/read 
  Thread Stats   Avg      Stdev     99%   +/- Stdev
    Latency     1.22ms  192.63us   1.73ms   78.16%
    Req/Sec   131.36    119.44   500.00     57.15%
  Latency Distribution (HdrHistogram - Recorded Latency)
 50.000%    1.20ms
 75.000%    1.31ms
 90.000%    1.43ms
 99.000%    1.73ms
 99.900%    3.12ms
 99.990%    4.28ms
 99.999%    4.77ms
100.000%    4.77ms

  Detailed Percentile spectrum:
       Value   Percentile   TotalCount 1/(1-Percentile)

       0.747     0.000000            1         1.00
       1.027     0.100000         1003         1.11
       1.084     0.200000         1994         1.25
       1.127     0.300000         2990         1.43
       1.166     0.400000         3984         1.67
       1.203     0.500000         4993         2.00
       1.222     0.550000         5494         2.22
       1.241     0.600000         5979         2.50
       1.264     0.650000         6487         2.86
       1.288     0.700000         6990         3.33
       1.314     0.750000         7487         4.00
       1.329     0.775000         7722         4.44
       1.344     0.800000         7971         5.00
       1.362     0.825000         8221         5.71
       1.382     0.850000         8466         6.67
       1.406     0.875000         8722         8.00
       1.417     0.887500         8847         8.89
       1.430     0.900000         8968        10.00
       1.445     0.912500         9089        11.43
       1.464     0.925000         9217        13.33
       1.483     0.937500         9343        16.00
       1.494     0.943750         9401        17.78
       1.509     0.950000         9462        20.00
       1.532     0.956250         9525        22.86
       1.554     0.962500         9588        26.67
       1.572     0.968750         9649        32.00
       1.580     0.971875         9682        35.56
       1.596     0.975000         9711        40.00
       1.616     0.978125         9746        45.71
       1.634     0.981250         9776        53.33
       1.662     0.984375         9807        64.00
       1.673     0.985938         9822        71.11
       1.686     0.987500         9837        80.00
       1.710     0.989062         9852        91.43
       1.737     0.990625         9867       106.67
       1.787     0.992188         9883       128.00
       1.795     0.992969         9890       142.22
       1.843     0.993750         9899       160.00
       1.877     0.994531         9906       182.86
       1.915     0.995313         9914       213.33
       2.145     0.996094         9922       256.00
       2.193     0.996484         9925       284.44
       2.261     0.996875         9929       320.00
       2.315     0.997266         9933       365.71
       2.385     0.997656         9937       426.67
       2.475     0.998047         9941       512.00
       2.587     0.998242         9943       568.89
       2.669     0.998437         9945       640.00
       2.951     0.998633         9947       731.43
       3.081     0.998828         9949       853.33
       3.267     0.999023         9951      1024.00
       3.361     0.999121         9952      1137.78
       3.413     0.999219         9953      1280.00
       3.433     0.999316         9954      1462.86
       3.455     0.999414         9955      1706.67
       3.559     0.999512         9956      2048.00
       3.559     0.999561         9956      2275.56
       3.577     0.999609         9957      2560.00
       3.577     0.999658         9957      2925.71
       4.067     0.999707         9958      3413.33
       4.067     0.999756         9958      4096.00
       4.067     0.999780         9958      4551.11
       4.275     0.999805         9959      5120.00
       4.275     0.999829         9959      5851.43
       4.275     0.999854         9959      6826.67
       4.275     0.999878         9959      8192.00
       4.275     0.999890         9959      9102.22
       4.767     0.999902         9960     10240.00
       4.767     1.000000         9960          inf
#[Mean    =        1.224, StdDeviation   =        0.193]
#[Max     =        4.764, Total count    =         9960]
#[Buckets =           27, SubBuckets     =         2048]
-----------------------------------------------------------------------
  14835 requests in 30.01s, 2.48MB read
  Socket errors: connect 0, read 0, write 0, timeout 25
Requests/sec:    494.36  
Transfer/sec:     84.49KB
