Running 30s test @ http://10.99.59.146:8080/wrk2-api/post/compose
  4 threads and 200 connections

  Thread calibration: mean lat.: 76.156ms, rate sampling interval: 501ms
  Thread calibration: mean lat.: 72.986ms, rate sampling interval: 481ms
  Thread calibration: mean lat.: 65.591ms, rate sampling interval: 445ms
  Thread calibration: mean lat.: 73.645ms, rate sampling interval: 467ms

-----------------------------------------------------------------------
Test Results @ http://10.99.59.146:8080/wrk2-api/post/compose 
  Thread Stats   Avg      Stdev     99%   +/- Stdev
    Latency    10.72ms   11.34ms  32.38ms   98.66%
    Req/Sec   124.41     16.22   158.00     70.48%
  Latency Distribution (HdrHistogram - Recorded Latency)
 50.000%    9.17ms
 75.000%   10.56ms
 90.000%   12.51ms
 99.000%   32.38ms
 99.900%  165.76ms
 99.990%  187.52ms
 99.999%  244.22ms
100.000%  244.22ms

  Detailed Percentile spectrum:
       Value   Percentile   TotalCount 1/(1-Percentile)

       6.763     0.000000            1         1.00
       7.775     0.100000          991         1.11
       8.147     0.200000         1981         1.25
       8.487     0.300000         2972         1.43
       8.807     0.400000         3963         1.67
       9.167     0.500000         4941         2.00
       9.367     0.550000         5438         2.22
       9.599     0.600000         5939         2.50
       9.855     0.650000         6427         2.86
      10.175     0.700000         6920         3.33
      10.559     0.750000         7417         4.00
      10.783     0.775000         7668         4.44
      11.031     0.800000         7909         5.00
      11.295     0.825000         8158         5.71
      11.607     0.850000         8401         6.67
      12.015     0.875000         8645         8.00
      12.231     0.887500         8769         8.89
      12.511     0.900000         8892        10.00
      12.879     0.912500         9019        11.43
      13.263     0.925000         9140        13.33
      13.839     0.937500         9267        16.00
      14.159     0.943750         9326        17.78
      14.479     0.950000         9386        20.00
      15.007     0.956250         9449        22.86
      15.543     0.962500         9510        26.67
      16.167     0.968750         9573        32.00
      16.543     0.971875         9604        35.56
      17.023     0.975000         9634        40.00
      17.679     0.978125         9665        45.71
      18.719     0.981250         9695        53.33
      20.095     0.984375         9726        64.00
      21.231     0.985938         9742        71.11
      23.087     0.987500         9757        80.00
      26.879     0.989062         9772        91.43
      33.951     0.990625         9788       106.67
      37.279     0.992188         9803       128.00
      48.383     0.992969         9811       142.22
      67.903     0.993750         9819       160.00
     112.319     0.994531         9826       182.86
     130.687     0.995313         9834       213.33
     146.303     0.996094         9842       256.00
     147.711     0.996484         9846       284.44
     150.271     0.996875         9850       320.00
     151.807     0.997266         9853       365.71
     153.343     0.997656         9857       426.67
     158.207     0.998047         9861       512.00
     158.719     0.998242         9863       568.89
     160.511     0.998437         9865       640.00
     161.919     0.998633         9867       731.43
     165.503     0.998828         9869       853.33
     166.399     0.999023         9871      1024.00
     167.551     0.999121         9872      1137.78
     167.807     0.999219         9873      1280.00
     168.319     0.999316         9874      1462.86
     170.367     0.999414         9875      1706.67
     173.439     0.999512         9876      2048.00
     173.439     0.999561         9876      2275.56
     173.823     0.999609         9877      2560.00
     173.823     0.999658         9877      2925.71
     182.399     0.999707         9878      3413.33
     182.399     0.999756         9878      4096.00
     182.399     0.999780         9878      4551.11
     187.519     0.999805         9879      5120.00
     187.519     0.999829         9879      5851.43
     187.519     0.999854         9879      6826.67
     187.519     0.999878         9879      8192.00
     187.519     0.999890         9879      9102.22
     244.223     0.999902         9880     10240.00
     244.223     1.000000         9880          inf
#[Mean    =       10.718, StdDeviation   =       11.342]
#[Max     =      244.096, Total count    =         9880]
#[Buckets =           27, SubBuckets     =         2048]
-----------------------------------------------------------------------
  14854 requests in 30.05s, 2.71MB read
  Socket errors: connect 0, read 0, write 0, timeout 22
Requests/sec:    494.27  
Transfer/sec:     92.19KB
