Running 30s test @ http://10.99.59.146:8080/wrk2-api/post/compose
  4 threads and 200 connections

  Thread calibration: mean lat.: 89.655ms, rate sampling interval: 732ms
  Thread calibration: mean lat.: 88.473ms, rate sampling interval: 667ms
  Thread calibration: mean lat.: 102.515ms, rate sampling interval: 918ms
  Thread calibration: mean lat.: 77.788ms, rate sampling interval: 533ms

-----------------------------------------------------------------------
Test Results @ http://10.99.59.146:8080/wrk2-api/post/compose 
  Thread Stats   Avg      Stdev     99%   +/- Stdev
    Latency   209.81ms  497.87ms   2.31s    88.04%
    Req/Sec   134.40     27.41   181.00     61.40%
  Latency Distribution (HdrHistogram - Recorded Latency)
 50.000%   10.73ms
 75.000%   15.73ms
 90.000%  871.42ms
 99.000%    2.31s 
 99.900%    3.04s 
 99.990%    3.55s 
 99.999%    3.56s 
100.000%    3.56s 

  Detailed Percentile spectrum:
       Value   Percentile   TotalCount 1/(1-Percentile)

       6.711     0.000000            1         1.00
       8.199     0.100000         1070         1.11
       8.783     0.200000         2148         1.25
       9.319     0.300000         3203         1.43
       9.919     0.400000         4266         1.67
      10.727     0.500000         5333         2.00
      11.223     0.550000         5864         2.22
      11.807     0.600000         6398         2.50
      12.631     0.650000         6934         2.86
      13.775     0.700000         7468         3.33
      15.735     0.750000         7997         4.00
      17.967     0.775000         8263         4.44
      23.855     0.800000         8528         5.00
     343.551     0.825000         8795         5.71
     460.543     0.850000         9061         6.67
     664.063     0.875000         9328         8.00
     777.215     0.887500         9461         8.89
     871.423     0.900000         9594        10.00
     980.991     0.912500         9728        11.43
    1117.183     0.925000         9861        13.33
    1231.871     0.937500         9994        16.00
    1311.743     0.943750        10061        17.78
    1394.687     0.950000        10127        20.00
    1486.847     0.956250        10194        22.86
    1575.935     0.962500        10261        26.67
    1689.599     0.968750        10327        32.00
    1765.375     0.971875        10361        35.56
    1847.295     0.975000        10394        40.00
    1922.047     0.978125        10427        45.71
    2013.183     0.981250        10462        53.33
    2096.127     0.984375        10494        64.00
    2162.687     0.985938        10511        71.11
    2234.367     0.987500        10527        80.00
    2285.567     0.989062        10544        91.43
    2367.487     0.990625        10561       106.67
    2424.831     0.992188        10577       128.00
    2478.079     0.992969        10587       142.22
    2523.135     0.993750        10594       160.00
    2584.575     0.994531        10602       182.86
    2668.543     0.995313        10613       213.33
    2691.071     0.996094        10619       256.00
    2732.031     0.996484        10623       284.44
    2777.087     0.996875        10627       320.00
    2818.047     0.997266        10631       365.71
    2863.103     0.997656        10636       426.67
    2910.207     0.998047        10640       512.00
    2920.447     0.998242        10642       568.89
    2940.927     0.998437        10644       640.00
    2959.359     0.998633        10646       731.43
    3033.087     0.998828        10648       853.33
    3039.231     0.999023        10650      1024.00
    3043.327     0.999121        10651      1137.78
    3047.423     0.999219        10652      1280.00
    3049.471     0.999316        10653      1462.86
    3092.479     0.999414        10654      1706.67
    3127.295     0.999512        10655      2048.00
    3274.751     0.999561        10656      2275.56
    3274.751     0.999609        10656      2560.00
    3301.375     0.999658        10657      2925.71
    3301.375     0.999707        10657      3413.33
    3543.039     0.999756        10658      4096.00
    3543.039     0.999780        10658      4551.11
    3543.039     0.999805        10658      5120.00
    3545.087     0.999829        10659      5851.43
    3545.087     0.999854        10659      6826.67
    3545.087     0.999878        10659      8192.00
    3545.087     0.999890        10659      9102.22
    3545.087     0.999902        10659     10240.00
    3559.423     0.999915        10660     11702.86
    3559.423     1.000000        10660          inf
#[Mean    =      209.814, StdDeviation   =      497.871]
#[Max     =     3557.376, Total count    =        10660]
#[Buckets =           27, SubBuckets     =         2048]
-----------------------------------------------------------------------
  16633 requests in 30.00s, 3.03MB read
  Socket errors: connect 0, read 0, write 0, timeout 5
Requests/sec:    554.44  
Transfer/sec:    103.42KB
