Running 30s test @ http://10.99.59.146:8080/wrk2-api/home-timeline/read
  4 threads and 200 connections

  Thread calibration: mean lat.: 2.549ms, rate sampling interval: 10ms
  Thread calibration: mean lat.: 2.504ms, rate sampling interval: 10ms
  Thread calibration: mean lat.: 2.685ms, rate sampling interval: 10ms
  Thread calibration: mean lat.: 2.816ms, rate sampling interval: 10ms

-----------------------------------------------------------------------
Test Results @ http://10.99.59.146:8080/wrk2-api/home-timeline/read 
  Thread Stats   Avg      Stdev     99%   +/- Stdev
    Latency     1.21ms  202.86us   1.75ms   78.47%
    Req/Sec   156.77    129.41   555.00     58.19%
  Latency Distribution (HdrHistogram - Recorded Latency)
 50.000%    1.19ms
 75.000%    1.30ms
 90.000%    1.43ms
 99.000%    1.75ms
 99.900%    3.25ms
 99.990%    4.20ms
 99.999%    4.28ms
100.000%    4.28ms

  Detailed Percentile spectrum:
       Value   Percentile   TotalCount 1/(1-Percentile)

       0.752     0.000000            1         1.00
       1.006     0.100000         1196         1.11
       1.068     0.200000         2383         1.25
       1.113     0.300000         3580         1.43
       1.151     0.400000         4780         1.67
       1.190     0.500000         5969         2.00
       1.207     0.550000         6537         2.22
       1.229     0.600000         7156         2.50
       1.251     0.650000         7730         2.86
       1.276     0.700000         8325         3.33
       1.304     0.750000         8917         4.00
       1.322     0.775000         9208         4.44
       1.338     0.800000         9506         5.00
       1.356     0.825000         9799         5.71
       1.378     0.850000        10107         6.67
       1.401     0.875000        10396         8.00
       1.414     0.887500        10540         8.89
       1.430     0.900000        10699        10.00
       1.445     0.912500        10839        11.43
       1.465     0.925000        10986        13.33
       1.487     0.937500        11138        16.00
       1.499     0.943750        11212        17.78
       1.511     0.950000        11284        20.00
       1.530     0.956250        11363        22.86
       1.550     0.962500        11432        26.67
       1.574     0.968750        11507        32.00
       1.588     0.971875        11544        35.56
       1.606     0.975000        11581        40.00
       1.623     0.978125        11617        45.71
       1.643     0.981250        11655        53.33
       1.672     0.984375        11692        64.00
       1.689     0.985938        11713        71.11
       1.702     0.987500        11728        80.00
       1.725     0.989062        11747        91.43
       1.764     0.990625        11766       106.67
       1.846     0.992188        11784       128.00
       1.861     0.992969        11793       142.22
       1.892     0.993750        11802       160.00
       2.002     0.994531        11812       182.86
       2.125     0.995313        11821       213.33
       2.211     0.996094        11830       256.00
       2.283     0.996484        11835       284.44
       2.341     0.996875        11839       320.00
       2.421     0.997266        11844       365.71
       2.509     0.997656        11849       426.67
       2.617     0.998047        11853       512.00
       2.661     0.998242        11856       568.89
       2.863     0.998437        11858       640.00
       3.123     0.998633        11860       731.43
       3.239     0.998828        11863       853.33
       3.423     0.999023        11865      1024.00
       3.427     0.999121        11866      1137.78
       3.593     0.999219        11867      1280.00
       3.597     0.999316        11868      1462.86
       3.733     0.999414        11870      1706.67
       3.767     0.999512        11871      2048.00
       3.767     0.999561        11871      2275.56
       3.781     0.999609        11872      2560.00
       3.781     0.999658        11872      2925.71
       3.951     0.999707        11873      3413.33
       4.115     0.999756        11874      4096.00
       4.115     0.999780        11874      4551.11
       4.115     0.999805        11874      5120.00
       4.115     0.999829        11874      5851.43
       4.203     0.999854        11875      6826.67
       4.203     0.999878        11875      8192.00
       4.203     0.999890        11875      9102.22
       4.203     0.999902        11875     10240.00
       4.203     0.999915        11875     11702.86
       4.283     0.999927        11876     13653.33
       4.283     1.000000        11876          inf
#[Mean    =        1.213, StdDeviation   =        0.203]
#[Max     =        4.280, Total count    =        11876]
#[Buckets =           27, SubBuckets     =         2048]
-----------------------------------------------------------------------
  17853 requests in 30.01s, 2.98MB read
  Socket errors: connect 0, read 0, write 0, timeout 5
Requests/sec:    594.88  
Transfer/sec:    101.66KB
