Running 30s test @ http://10.99.59.146:8080/wrk2-api/post/compose
  4 threads and 200 connections

  Thread calibration: mean lat.: 244.410ms, rate sampling interval: 1752ms
  Thread calibration: mean lat.: 256.322ms, rate sampling interval: 1959ms
  Thread calibration: mean lat.: 282.269ms, rate sampling interval: 1897ms
  Thread calibration: mean lat.: 214.967ms, rate sampling interval: 1499ms

-----------------------------------------------------------------------
Test Results @ http://10.99.59.146:8080/wrk2-api/post/compose 
  Thread Stats   Avg      Stdev     99%   +/- Stdev
    Latency   654.67ms    1.20s    4.84s    84.47%
    Req/Sec   137.27     40.61   196.00     56.82%
  Latency Distribution (HdrHistogram - Recorded Latency)
 50.000%   14.45ms
 75.000%  818.69ms
 90.000%    2.62s 
 99.000%    4.84s 
 99.900%    5.72s 
 99.990%    6.23s 
 99.999%    6.34s 
100.000%    6.34s 

  Detailed Percentile spectrum:
       Value   Percentile   TotalCount 1/(1-Percentile)

       6.855     0.000000            1         1.00
       9.055     0.100000         1091         1.11
      10.111     0.200000         2177         1.25
      11.215     0.300000         3273         1.43
      12.551     0.400000         4347         1.67
      14.447     0.500000         5433         2.00
      15.823     0.550000         5979         2.22
      17.999     0.600000         6520         2.50
      22.143     0.650000         7063         2.86
     344.063     0.700000         7607         3.33
     818.687     0.750000         8150         4.00
    1052.671     0.775000         8423         4.44
    1337.343     0.800000         8695         5.00
    1605.631     0.825000         8965         5.71
    1909.759     0.850000         9237         6.67
    2240.511     0.875000         9508         8.00
    2422.783     0.887500         9645         8.89
    2623.487     0.900000         9780        10.00
    2818.047     0.912500         9916        11.43
    3043.327     0.925000        10052        13.33
    3289.087     0.937500        10188        16.00
    3407.871     0.943750        10256        17.78
    3538.943     0.950000        10324        20.00
    3680.255     0.956250        10391        22.86
    3829.759     0.962500        10460        26.67
    4007.935     0.968750        10527        32.00
    4102.143     0.971875        10561        35.56
    4198.399     0.975000        10595        40.00
    4276.223     0.978125        10629        45.71
    4382.719     0.981250        10663        53.33
    4534.271     0.984375        10699        64.00
    4595.711     0.985938        10715        71.11
    4673.535     0.987500        10732        80.00
    4775.935     0.989062        10749        91.43
    4870.143     0.990625        10766       106.67
    4939.775     0.992188        10782       128.00
    4976.639     0.992969        10790       142.22
    5058.559     0.993750        10799       160.00
    5115.903     0.994531        10807       182.86
    5206.015     0.995313        10816       213.33
    5263.359     0.996094        10824       256.00
    5328.895     0.996484        10828       284.44
    5382.143     0.996875        10833       320.00
    5414.911     0.997266        10837       365.71
    5459.967     0.997656        10841       426.67
    5509.119     0.998047        10845       512.00
    5525.503     0.998242        10847       568.89
    5582.847     0.998437        10850       640.00
    5627.903     0.998633        10852       731.43
    5668.863     0.998828        10854       853.33
    5746.687     0.999023        10856      1024.00
    5804.031     0.999121        10857      1137.78
    5832.703     0.999219        10858      1280.00
    5873.663     0.999316        10859      1462.86
    5931.007     0.999414        10860      1706.67
    5947.391     0.999512        10861      2048.00
    5967.871     0.999561        10862      2275.56
    5967.871     0.999609        10862      2560.00
    6041.599     0.999658        10863      2925.71
    6041.599     0.999707        10863      3413.33
    6115.327     0.999756        10864      4096.00
    6115.327     0.999780        10864      4551.11
    6115.327     0.999805        10864      5120.00
    6234.111     0.999829        10865      5851.43
    6234.111     0.999854        10865      6826.67
    6234.111     0.999878        10865      8192.00
    6234.111     0.999890        10865      9102.22
    6234.111     0.999902        10865     10240.00
    6344.703     0.999915        10866     11702.86
    6344.703     1.000000        10866          inf
#[Mean    =      654.667, StdDeviation   =     1203.658]
#[Max     =     6340.608, Total count    =        10866]
#[Buckets =           27, SubBuckets     =         2048]
-----------------------------------------------------------------------
  17814 requests in 30.00s, 3.24MB read
  Socket errors: connect 0, read 0, write 0, timeout 3
Requests/sec:    593.75  
Transfer/sec:    110.75KB
