Running 30s test @ http://10.99.59.146:8080/wrk2-api/home-timeline/read
  4 threads and 200 connections

  Thread calibration: mean lat.: 1.703ms, rate sampling interval: 10ms
  Thread calibration: mean lat.: 1.679ms, rate sampling interval: 10ms
  Thread calibration: mean lat.: 1.799ms, rate sampling interval: 10ms
  Thread calibration: mean lat.: 1.944ms, rate sampling interval: 10ms

-----------------------------------------------------------------------
Test Results @ http://10.99.59.146:8080/wrk2-api/home-timeline/read 
  Thread Stats   Avg      Stdev     99%   +/- Stdev
    Latency     1.20ms  225.21us   1.80ms   81.60%
    Req/Sec   181.69    139.88   600.00     65.13%
  Latency Distribution (HdrHistogram - Recorded Latency)
 50.000%    1.18ms
 75.000%    1.30ms
 90.000%    1.43ms
 99.000%    1.80ms
 99.900%    3.50ms
 99.990%    5.43ms
 99.999%    5.68ms
100.000%    5.68ms

  Detailed Percentile spectrum:
       Value   Percentile   TotalCount 1/(1-Percentile)

       0.703     0.000000            1         1.00
       0.991     0.100000         1379         1.11
       1.051     0.200000         2769         1.25
       1.099     0.300000         4160         1.43
       1.138     0.400000         5511         1.67
       1.176     0.500000         6887         2.00
       1.196     0.550000         7577         2.22
       1.217     0.600000         8252         2.50
       1.240     0.650000         8944         2.86
       1.266     0.700000         9630         3.33
       1.298     0.750000        10322         4.00
       1.314     0.775000        10674         4.44
       1.332     0.800000        11010         5.00
       1.351     0.825000        11365         5.71
       1.374     0.850000        11706         6.67
       1.399     0.875000        12044         8.00
       1.414     0.887500        12207         8.89
       1.430     0.900000        12378        10.00
       1.447     0.912500        12552        11.43
       1.467     0.925000        12729        13.33
       1.490     0.937500        12897        16.00
       1.501     0.943750        12980        17.78
       1.521     0.950000        13066        20.00
       1.541     0.956250        13154        22.86
       1.563     0.962500        13241        26.67
       1.592     0.968750        13329        32.00
       1.608     0.971875        13370        35.56
       1.622     0.975000        13410        40.00
       1.644     0.978125        13453        45.71
       1.672     0.981250        13496        53.33
       1.705     0.984375        13540        64.00
       1.721     0.985938        13561        71.11
       1.741     0.987500        13582        80.00
       1.774     0.989062        13603        91.43
       1.836     0.990625        13625       106.67
       1.986     0.992188        13647       128.00
       2.041     0.992969        13657       142.22
       2.103     0.993750        13668       160.00
       2.173     0.994531        13678       182.86
       2.261     0.995313        13689       213.33
       2.319     0.996094        13700       256.00
       2.373     0.996484        13705       284.44
       2.455     0.996875        13711       320.00
       2.577     0.997266        13716       365.71
       2.639     0.997656        13721       426.67
       2.823     0.998047        13727       512.00
       3.065     0.998242        13729       568.89
       3.325     0.998437        13732       640.00
       3.379     0.998633        13735       731.43
       3.459     0.998828        13737       853.33
       3.561     0.999023        13740      1024.00
       3.617     0.999121        13742      1137.78
       3.621     0.999219        13743      1280.00
       3.919     0.999316        13744      1462.86
       4.013     0.999414        13745      1706.67
       4.455     0.999512        13747      2048.00
       4.455     0.999561        13747      2275.56
       4.615     0.999609        13748      2560.00
       4.663     0.999658        13749      2925.71
       4.663     0.999707        13749      3413.33
       4.911     0.999756        13750      4096.00
       4.911     0.999780        13750      4551.11
       5.095     0.999805        13751      5120.00
       5.095     0.999829        13751      5851.43
       5.095     0.999854        13751      6826.67
       5.427     0.999878        13752      8192.00
       5.427     0.999890        13752      9102.22
       5.427     0.999902        13752     10240.00
       5.427     0.999915        13752     11702.86
       5.427     0.999927        13752     13653.33
       5.683     0.999939        13753     16384.00
       5.683     1.000000        13753          inf
#[Mean    =        1.205, StdDeviation   =        0.225]
#[Max     =        5.680, Total count    =        13753]
#[Buckets =           27, SubBuckets     =         2048]
-----------------------------------------------------------------------
  20721 requests in 30.00s, 3.46MB read
  Socket errors: connect 0, read 0, write 0, timeout 2
Requests/sec:    690.60  
Transfer/sec:    118.02KB
