Running 30s test @ http://10.99.59.146:8080/wrk2-api/post/compose
  4 threads and 200 connections

  Thread calibration: mean lat.: 600.266ms, rate sampling interval: 2801ms
  Thread calibration: mean lat.: 504.674ms, rate sampling interval: 2392ms
  Thread calibration: mean lat.: 477.570ms, rate sampling interval: 2168ms
  Thread calibration: mean lat.: 500.710ms, rate sampling interval: 2394ms

-----------------------------------------------------------------------
Test Results @ http://10.99.59.146:8080/wrk2-api/post/compose 
  Thread Stats   Avg      Stdev     99%   +/- Stdev
    Latency     1.48s     2.19s    7.69s    81.35%
    Req/Sec   126.06     51.53   210.00     75.00%
  Latency Distribution (HdrHistogram - Recorded Latency)
 50.000%   29.66ms
 75.000%    2.57s 
 90.000%    5.22s 
 99.000%    7.69s 
 99.900%    8.96s 
 99.990%    9.67s 
 99.999%   10.30s 
100.000%   10.30s 

  Detailed Percentile spectrum:
       Value   Percentile   TotalCount 1/(1-Percentile)

       7.143     0.000000            1         1.00
      10.687     0.100000          997         1.11
      13.175     0.200000         1987         1.25
      16.263     0.300000         2983         1.43
      20.975     0.400000         3974         1.67
      29.663     0.500000         4968         2.00
     310.271     0.550000         5465         2.22
     592.383     0.600000         5961         2.50
    1056.767     0.650000         6458         2.86
    1753.087     0.700000         6954         3.33
    2566.143     0.750000         7451         4.00
    2996.223     0.775000         7700         4.44
    3426.303     0.800000         7948         5.00
    3874.815     0.825000         8197         5.71
    4325.375     0.850000         8445         6.67
    4755.455     0.875000         8695         8.00
    4997.119     0.887500         8818         8.89
    5218.303     0.900000         8941        10.00
    5472.255     0.912500         9065        11.43
    5730.303     0.925000         9191        13.33
    6004.735     0.937500         9314        16.00
    6156.287     0.943750         9378        17.78
    6287.359     0.950000         9439        20.00
    6451.199     0.956250         9501        22.86
    6615.039     0.962500         9562        26.67
    6787.071     0.968750         9624        32.00
    6914.047     0.971875         9657        35.56
    7032.831     0.975000         9686        40.00
    7147.519     0.978125         9717        45.71
    7254.015     0.981250         9749        53.33
    7405.567     0.984375         9779        64.00
    7475.199     0.985938         9797        71.11
    7577.599     0.987500         9810        80.00
    7655.423     0.989062         9826        91.43
    7729.151     0.990625         9841       106.67
    7872.511     0.992188         9857       128.00
    7929.855     0.992969         9865       142.22
    7979.007     0.993750         9872       160.00
    8036.351     0.994531         9880       182.86
    8196.095     0.995313         9889       213.33
    8282.111     0.996094         9897       256.00
    8310.783     0.996484         9900       284.44
    8384.511     0.996875         9904       320.00
    8413.183     0.997266         9907       365.71
    8519.679     0.997656         9911       426.67
    8601.599     0.998047         9915       512.00
    8773.631     0.998242         9917       568.89
    8871.935     0.998437         9919       640.00
    8904.703     0.998633         9921       731.43
    8945.663     0.998828         9923       853.33
    9019.391     0.999023         9925      1024.00
    9027.583     0.999121         9926      1137.78
    9043.967     0.999219         9927      1280.00
    9052.159     0.999316         9928      1462.86
    9224.191     0.999414         9929      1706.67
    9232.383     0.999512         9930      2048.00
    9232.383     0.999561         9930      2275.56
    9519.103     0.999609         9931      2560.00
    9519.103     0.999658         9931      2925.71
    9666.559     0.999707         9932      3413.33
    9666.559     0.999756         9932      4096.00
    9666.559     0.999780         9932      4551.11
    9674.751     0.999805         9933      5120.00
    9674.751     0.999829         9933      5851.43
    9674.751     0.999854         9933      6826.67
    9674.751     0.999878         9933      8192.00
    9674.751     0.999890         9933      9102.22
   10297.343     0.999902         9934     10240.00
   10297.343     1.000000         9934          inf
#[Mean    =     1476.460, StdDeviation   =     2185.965]
#[Max     =    10289.152, Total count    =         9934]
#[Buckets =           27, SubBuckets     =         2048]
-----------------------------------------------------------------------
  17889 requests in 30.03s, 3.26MB read
Requests/sec:    595.70  
Transfer/sec:    111.11KB
