Running 30s test @ http://10.99.59.146:8080/wrk2-api/home-timeline/read
  4 threads and 200 connections

  Thread calibration: mean lat.: 3.349ms, rate sampling interval: 10ms
  Thread calibration: mean lat.: 3.514ms, rate sampling interval: 10ms
  Thread calibration: mean lat.: 3.208ms, rate sampling interval: 10ms
  Thread calibration: mean lat.: 2.947ms, rate sampling interval: 10ms

-----------------------------------------------------------------------
Test Results @ http://10.99.59.146:8080/wrk2-api/home-timeline/read 
  Thread Stats   Avg      Stdev     99%   +/- Stdev
    Latency     1.18ms  245.78us   1.80ms   85.14%
    Req/Sec   209.62    151.29   666.00     71.28%
  Latency Distribution (HdrHistogram - Recorded Latency)
 50.000%    1.15ms
 75.000%    1.27ms
 90.000%    1.41ms
 99.000%    1.80ms
 99.900%    3.70ms
 99.990%    6.67ms
 99.999%    7.78ms
100.000%    7.78ms

  Detailed Percentile spectrum:
       Value   Percentile   TotalCount 1/(1-Percentile)

       0.733     0.000000            1         1.00
       0.970     0.100000         1591         1.11
       1.026     0.200000         3202         1.25
       1.071     0.300000         4804         1.43
       1.112     0.400000         6377         1.67
       1.151     0.500000         7958         2.00
       1.171     0.550000         8742         2.22
       1.193     0.600000         9572         2.50
       1.215     0.650000        10355         2.86
       1.240     0.700000        11129         3.33
       1.271     0.750000        11910         4.00
       1.289     0.775000        12309         4.44
       1.311     0.800000        12723         5.00
       1.333     0.825000        13107         5.71
       1.357     0.850000        13503         6.67
       1.383     0.875000        13902         8.00
       1.398     0.887500        14109         8.89
       1.412     0.900000        14295        10.00
       1.430     0.912500        14491        11.43
       1.452     0.925000        14691        13.33
       1.481     0.937500        14891        16.00
       1.495     0.943750        14985        17.78
       1.514     0.950000        15086        20.00
       1.535     0.956250        15183        22.86
       1.557     0.962500        15284        26.67
       1.581     0.968750        15382        32.00
       1.598     0.971875        15432        35.56
       1.617     0.975000        15482        40.00
       1.642     0.978125        15532        45.71
       1.668     0.981250        15581        53.33
       1.695     0.984375        15629        64.00
       1.716     0.985938        15655        71.11
       1.741     0.987500        15679        80.00
       1.773     0.989062        15704        91.43
       1.837     0.990625        15729       106.67
       1.894     0.992188        15753       128.00
       1.956     0.992969        15766       142.22
       2.025     0.993750        15778       160.00
       2.069     0.994531        15791       182.86
       2.133     0.995313        15803       213.33
       2.217     0.996094        15815       256.00
       2.311     0.996484        15822       284.44
       2.359     0.996875        15828       320.00
       2.473     0.997266        15834       365.71
       2.661     0.997656        15840       426.67
       2.913     0.998047        15846       512.00
       3.387     0.998242        15850       568.89
       3.531     0.998437        15853       640.00
       3.641     0.998633        15856       731.43
       3.667     0.998828        15859       853.33
       3.725     0.999023        15862      1024.00
       4.139     0.999121        15864      1137.78
       4.187     0.999219        15865      1280.00
       4.527     0.999316        15867      1462.86
       5.071     0.999414        15868      1706.67
       5.419     0.999512        15870      2048.00
       5.535     0.999561        15871      2275.56
       5.535     0.999609        15871      2560.00
       5.631     0.999658        15872      2925.71
       6.119     0.999707        15873      3413.33
       6.363     0.999756        15874      4096.00
       6.363     0.999780        15874      4551.11
       6.363     0.999805        15874      5120.00
       6.667     0.999829        15875      5851.43
       6.667     0.999854        15875      6826.67
       7.363     0.999878        15876      8192.00
       7.363     0.999890        15876      9102.22
       7.363     0.999902        15876     10240.00
       7.363     0.999915        15876     11702.86
       7.363     0.999927        15876     13653.33
       7.779     0.999939        15877     16384.00
       7.779     1.000000        15877          inf
#[Mean    =        1.183, StdDeviation   =        0.246]
#[Max     =        7.776, Total count    =        15877]
#[Buckets =           27, SubBuckets     =         2048]
-----------------------------------------------------------------------
  23858 requests in 30.00s, 3.98MB read
  Socket errors: connect 0, read 0, write 0, timeout 1
Requests/sec:    795.18  
Transfer/sec:    135.90KB
