Running 30s test @ http://10.99.59.146:8080/wrk2-api/home-timeline/read
  4 threads and 200 connections

  Thread calibration: mean lat.: 3.349ms, rate sampling interval: 10ms
  Thread calibration: mean lat.: 3.191ms, rate sampling interval: 10ms
  Thread calibration: mean lat.: 1.208ms, rate sampling interval: 10ms
  Thread calibration: mean lat.: 3.474ms, rate sampling interval: 10ms

-----------------------------------------------------------------------
Test Results @ http://10.99.59.146:8080/wrk2-api/home-timeline/read 
  Thread Stats   Avg      Stdev     99%   +/- Stdev
    Latency     1.18ms  223.18us   1.84ms   80.35%
    Req/Sec   235.80    157.27   666.00     70.85%
  Latency Distribution (HdrHistogram - Recorded Latency)
 50.000%    1.14ms
 75.000%    1.26ms
 90.000%    1.42ms
 99.000%    1.84ms
 99.900%    3.42ms
 99.990%    4.72ms
 99.999%    4.88ms
100.000%    4.88ms

  Detailed Percentile spectrum:
       Value   Percentile   TotalCount 1/(1-Percentile)

       0.734     0.000000            1         1.00
       0.962     0.100000         1801         1.11
       1.017     0.200000         3591         1.25
       1.062     0.300000         5378         1.43
       1.103     0.400000         7166         1.67
       1.143     0.500000         8960         2.00
       1.163     0.550000         9871         2.22
       1.183     0.600000        10728         2.50
       1.206     0.650000        11621         2.86
       1.233     0.700000        12511         3.33
       1.265     0.750000        13406         4.00
       1.284     0.775000        13839         4.44
       1.304     0.800000        14284         5.00
       1.327     0.825000        14742         5.71
       1.352     0.850000        15188         6.67
       1.381     0.875000        15627         8.00
       1.398     0.887500        15848         8.89
       1.417     0.900000        16079        10.00
       1.435     0.912500        16302        11.43
       1.455     0.925000        16516        13.33
       1.483     0.937500        16741        16.00
       1.497     0.943750        16851        17.78
       1.517     0.950000        16970        20.00
       1.536     0.956250        17079        22.86
       1.559     0.962500        17186        26.67
       1.591     0.968750        17299        32.00
       1.608     0.971875        17353        35.56
       1.630     0.975000        17411        40.00
       1.660     0.978125        17465        45.71
       1.691     0.981250        17520        53.33
       1.734     0.984375        17576        64.00
       1.750     0.985938        17604        71.11
       1.780     0.987500        17631        80.00
       1.809     0.989062        17659        91.43
       1.880     0.990625        17689       106.67
       1.959     0.992188        17715       128.00
       2.027     0.992969        17729       142.22
       2.067     0.993750        17743       160.00
       2.111     0.994531        17757       182.86
       2.175     0.995313        17771       213.33
       2.287     0.996094        17785       256.00
       2.321     0.996484        17792       284.44
       2.353     0.996875        17799       320.00
       2.425     0.997266        17807       365.71
       2.497     0.997656        17813       426.67
       2.697     0.998047        17820       512.00
       2.815     0.998242        17823       568.89
       3.061     0.998437        17827       640.00
       3.159     0.998633        17830       731.43
       3.361     0.998828        17834       853.33
       3.431     0.999023        17837      1024.00
       3.445     0.999121        17839      1137.78
       3.687     0.999219        17841      1280.00
       3.707     0.999316        17842      1462.86
       3.807     0.999414        17844      1706.67
       3.889     0.999512        17846      2048.00
       3.969     0.999561        17847      2275.56
       4.023     0.999609        17848      2560.00
       4.023     0.999658        17848      2925.71
       4.367     0.999707        17849      3413.33
       4.639     0.999756        17850      4096.00
       4.683     0.999780        17851      4551.11
       4.683     0.999805        17851      5120.00
       4.683     0.999829        17851      5851.43
       4.715     0.999854        17852      6826.67
       4.715     0.999878        17852      8192.00
       4.811     0.999890        17853      9102.22
       4.811     0.999902        17853     10240.00
       4.811     0.999915        17853     11702.86
       4.811     0.999927        17853     13653.33
       4.811     0.999939        17853     16384.00
       4.875     0.999945        17854     18204.44
       4.875     1.000000        17854          inf
#[Mean    =        1.175, StdDeviation   =        0.223]
#[Max     =        4.872, Total count    =        17854]
#[Buckets =           27, SubBuckets     =         2048]
-----------------------------------------------------------------------
  26607 requests in 30.00s, 4.44MB read
  Socket errors: connect 0, read 0, write 0, timeout 1
Requests/sec:    886.78  
Transfer/sec:    151.55KB
