Running 30s test @ http://10.99.59.146:8080/wrk2-api/user-timeline/read
  4 threads and 200 connections

  Thread calibration: mean lat.: 1832.602ms, rate sampling interval: 7098ms
  Thread calibration: mean lat.: 2038.264ms, rate sampling interval: 7516ms
  Thread calibration: mean lat.: 1869.991ms, rate sampling interval: 6864ms
  Thread calibration: mean lat.: 1943.324ms, rate sampling interval: 7065ms

-----------------------------------------------------------------------
Test Results @ http://10.99.59.146:8080/wrk2-api/user-timeline/read 
  Thread Stats   Avg      Stdev     99%   +/- Stdev
    Latency     6.46s     2.57s   13.32s    68.60%
    Req/Sec   146.75      1.39   149.00    100.00%
  Latency Distribution (HdrHistogram - Recorded Latency)
 50.000%    6.16s 
 75.000%    8.07s 
 90.000%    9.97s 
 99.000%   13.32s 
 99.900%   15.97s 
 99.990%   16.79s 
 99.999%   16.83s 
100.000%   16.83s 

  Detailed Percentile spectrum:
       Value   Percentile   TotalCount 1/(1-Percentile)

      45.727     0.000000            1         1.00
    3375.103     0.100000          983         1.11
    4251.647     0.200000         1973         1.25
    4919.295     0.300000         2947         1.43
    5537.791     0.400000         3934         1.67
    6156.287     0.500000         4913         2.00
    6492.159     0.550000         5407         2.22
    6860.799     0.600000         5894         2.50
    7241.727     0.650000         6385         2.86
    7639.039     0.700000         6880         3.33
    8065.023     0.750000         7369         4.00
    8298.495     0.775000         7613         4.44
    8593.407     0.800000         7868         5.00
    8855.551     0.825000         8107         5.71
    9175.039     0.850000         8351         6.67
    9527.295     0.875000         8603         8.00
    9723.903     0.887500         8722         8.89
    9969.663     0.900000         8842        10.00
   10207.231     0.912500         8967        11.43
   10493.951     0.925000         9091        13.33
   10788.863     0.937500         9212        16.00
   10960.895     0.943750         9272        17.78
   11116.543     0.950000         9333        20.00
   11321.343     0.956250         9396        22.86
   11583.487     0.962500         9455        26.67
   11837.439     0.968750         9519        32.00
   12025.855     0.971875         9547        35.56
   12214.271     0.975000         9578        40.00
   12369.919     0.978125         9609        45.71
   12574.719     0.981250         9639        53.33
   12820.479     0.984375         9670        64.00
   12967.935     0.985938         9687        71.11
   13115.391     0.987500         9703        80.00
   13197.311     0.989062         9716        91.43
   13402.111     0.990625         9731       106.67
   13631.487     0.992188         9747       128.00
   13828.095     0.992969         9754       142.22
   13934.591     0.993750         9762       160.00
   14123.007     0.994531         9770       182.86
   14254.079     0.995313         9778       213.33
   14442.495     0.996094         9785       256.00
   14557.183     0.996484         9789       284.44
   14729.215     0.996875         9793       320.00
   14917.631     0.997266         9797       365.71
   14958.591     0.997656         9800       426.67
   15237.119     0.998047         9804       512.00
   15376.383     0.998242         9806       568.89
   15548.415     0.998437         9809       640.00
   15597.567     0.998633         9810       731.43
   15908.863     0.998828         9812       853.33
   15990.783     0.999023         9814      1024.00
   16039.935     0.999121         9815      1137.78
   16089.087     0.999219         9816      1280.00
   16228.351     0.999316         9817      1462.86
   16285.695     0.999414         9818      1706.67
   16310.271     0.999512         9819      2048.00
   16310.271     0.999561         9819      2275.56
   16498.687     0.999609         9820      2560.00
   16498.687     0.999658         9820      2925.71
   16572.415     0.999707         9821      3413.33
   16572.415     0.999756         9821      4096.00
   16572.415     0.999780         9821      4551.11
   16793.599     0.999805         9822      5120.00
   16793.599     0.999829         9822      5851.43
   16793.599     0.999854         9822      6826.67
   16793.599     0.999878         9822      8192.00
   16793.599     0.999890         9822      9102.22
   16826.367     0.999902         9823     10240.00
   16826.367     1.000000         9823          inf
#[Mean    =     6457.130, StdDeviation   =     2573.909]
#[Max     =    16809.984, Total count    =         9823]
#[Buckets =           27, SubBuckets     =         2048]
-----------------------------------------------------------------------
  15291 requests in 30.05s, 14.15MB read
  Non-2xx or 3xx responses: 14543
Requests/sec:    508.83  
Transfer/sec:    482.19KB
