Running 30s test @ http://10.99.59.146:8080/wrk2-api/post/compose
  4 threads and 200 connections

  Thread calibration: mean lat.: 4875.633ms, rate sampling interval: 13115ms
  Thread calibration: mean lat.: 4896.567ms, rate sampling interval: 13148ms
  Thread calibration: mean lat.: 4832.970ms, rate sampling interval: 12992ms
  Thread calibration: mean lat.: 4841.301ms, rate sampling interval: 13000ms

-----------------------------------------------------------------------
Test Results @ http://10.99.59.146:8080/wrk2-api/post/compose 
  Thread Stats   Avg      Stdev     99%   +/- Stdev
    Latency    12.05s     2.90s   18.09s    63.92%
    Req/Sec   123.50      0.50   124.00    100.00%
  Latency Distribution (HdrHistogram - Recorded Latency)
 50.000%   12.37s 
 75.000%   14.21s 
 90.000%   15.62s 
 99.000%   18.09s 
 99.900%   19.63s 
 99.990%   19.99s 
 99.999%   20.23s 
100.000%   20.23s 

  Detailed Percentile spectrum:
       Value   Percentile   TotalCount 1/(1-Percentile)

    4030.463     0.000000            1         1.00
    7868.415     0.100000         1082         1.11
    9232.383     0.200000         2166         1.25
   10444.799     0.300000         3249         1.43
   11509.759     0.400000         4336         1.67
   12369.919     0.500000         5411         2.00
   12730.367     0.550000         5957         2.22
   13082.623     0.600000         6494         2.50
   13434.879     0.650000         7033         2.86
   13819.903     0.700000         7574         3.33
   14213.119     0.750000         8116         4.00
   14434.303     0.775000         8384         4.44
   14655.487     0.800000         8656         5.00
   14884.863     0.825000         8936         5.71
   15106.047     0.850000         9204         6.67
   15351.807     0.875000         9473         8.00
   15466.495     0.887500         9602         8.89
   15622.143     0.900000         9743        10.00
   15794.175     0.912500         9874        11.43
   15974.399     0.925000        10009        13.33
   16179.199     0.937500        10147        16.00
   16277.503     0.943750        10209        17.78
   16424.959     0.950000        10278        20.00
   16556.031     0.956250        10344        22.86
   16695.295     0.962500        10413        26.67
   16875.519     0.968750        10482        32.00
   16957.439     0.971875        10513        35.56
   17088.511     0.975000        10548        40.00
   17203.199     0.978125        10581        45.71
   17416.191     0.981250        10617        53.33
   17612.799     0.984375        10648        64.00
   17743.871     0.985938        10666        71.11
   17874.943     0.987500        10683        80.00
   17989.631     0.989062        10700        91.43
   18153.471     0.990625        10716       106.67
   18268.159     0.992188        10733       128.00
   18333.695     0.992969        10743       142.22
   18481.151     0.993750        10750       160.00
   18563.071     0.994531        10760       182.86
   18644.991     0.995313        10767       213.33
   18792.447     0.996094        10775       256.00
   18841.599     0.996484        10779       284.44
   18923.519     0.996875        10784       320.00
   18972.671     0.997266        10788       365.71
   19038.207     0.997656        10792       426.67
   19218.431     0.998047        10796       512.00
   19251.199     0.998242        10798       568.89
   19398.655     0.998437        10801       640.00
   19480.575     0.998633        10803       731.43
   19595.263     0.998828        10805       853.33
   19660.799     0.999023        10807      1024.00
   19791.871     0.999121        10808      1137.78
   19808.255     0.999219        10809      1280.00
   19841.023     0.999316        10810      1462.86
   19873.791     0.999414        10811      1706.67
   19890.175     0.999512        10813      2048.00
   19890.175     0.999561        10813      2275.56
   19890.175     0.999609        10813      2560.00
   19906.559     0.999658        10814      2925.71
   19906.559     0.999707        10814      3413.33
   19988.479     0.999756        10816      4096.00
   19988.479     0.999780        10816      4551.11
   19988.479     0.999805        10816      5120.00
   19988.479     0.999829        10816      5851.43
   19988.479     0.999854        10816      6826.67
   19988.479     0.999878        10816      8192.00
   19988.479     0.999890        10816      9102.22
   19988.479     0.999902        10816     10240.00
   20234.239     0.999915        10817     11702.86
   20234.239     1.000000        10817          inf
#[Mean    =    12047.037, StdDeviation   =     2898.353]
#[Max     =    20217.856, Total count    =        10817]
#[Buckets =           27, SubBuckets     =         2048]
-----------------------------------------------------------------------
  14036 requests in 30.01s, 2.83MB read
  Non-2xx or 3xx responses: 7502
Requests/sec:    467.75  
Transfer/sec:     96.52KB
