Running 30s test @ http://10.99.59.146:8080/wrk2-api/home-timeline/read
  4 threads and 200 connections

  Thread calibration: mean lat.: 3.433ms, rate sampling interval: 10ms
  Thread calibration: mean lat.: 3.143ms, rate sampling interval: 10ms
  Thread calibration: mean lat.: 3.431ms, rate sampling interval: 10ms
  Thread calibration: mean lat.: 3.815ms, rate sampling interval: 10ms

-----------------------------------------------------------------------
Test Results @ http://10.99.59.146:8080/wrk2-api/home-timeline/read 
  Thread Stats   Avg      Stdev     99%   +/- Stdev
    Latency     1.16ms  232.72us   1.83ms   82.61%
    Req/Sec   264.06    169.71   700.00     74.14%
  Latency Distribution (HdrHistogram - Recorded Latency)
 50.000%    1.12ms
 75.000%    1.24ms
 90.000%    1.40ms
 99.000%    1.83ms
 99.900%    3.74ms
 99.990%    6.08ms
 99.999%    6.88ms
100.000%    6.88ms

  Detailed Percentile spectrum:
       Value   Percentile   TotalCount 1/(1-Percentile)

       0.729     0.000000            1         1.00
       0.948     0.100000         2021         1.11
       1.001     0.200000         4007         1.25
       1.045     0.300000         6016         1.43
       1.085     0.400000         8022         1.67
       1.124     0.500000        10042         2.00
       1.144     0.550000        11041         2.22
       1.166     0.600000        12021         2.50
       1.188     0.650000        13035         2.86
       1.213     0.700000        14010         3.33
       1.244     0.750000        15013         4.00
       1.262     0.775000        15501         4.44
       1.283     0.800000        16011         5.00
       1.307     0.825000        16515         5.71
       1.334     0.850000        17003         6.67
       1.362     0.875000        17504         8.00
       1.378     0.887500        17747         8.89
       1.398     0.900000        18004        10.00
       1.417     0.912500        18251        11.43
       1.441     0.925000        18498        13.33
       1.466     0.937500        18745        16.00
       1.482     0.943750        18874        17.78
       1.500     0.950000        18999        20.00
       1.518     0.956250        19123        22.86
       1.541     0.962500        19246        26.67
       1.572     0.968750        19375        32.00
       1.585     0.971875        19434        35.56
       1.610     0.975000        19496        40.00
       1.644     0.978125        19560        45.71
       1.669     0.981250        19621        53.33
       1.699     0.984375        19685        64.00
       1.720     0.985938        19713        71.11
       1.753     0.987500        19745        80.00
       1.806     0.989062        19776        91.43
       1.850     0.990625        19807       106.67
       1.953     0.992188        19838       128.00
       2.013     0.992969        19855       142.22
       2.063     0.993750        19870       160.00
       2.101     0.994531        19885       182.86
       2.203     0.995313        19902       213.33
       2.275     0.996094        19916       256.00
       2.343     0.996484        19924       284.44
       2.395     0.996875        19932       320.00
       2.499     0.997266        19940       365.71
       2.605     0.997656        19948       426.67
       2.831     0.998047        19955       512.00
       2.977     0.998242        19959       568.89
       3.219     0.998437        19963       640.00
       3.381     0.998633        19967       731.43
       3.673     0.998828        19971       853.33
       3.779     0.999023        19975      1024.00
       3.865     0.999121        19977      1137.78
       3.939     0.999219        19979      1280.00
       3.983     0.999316        19981      1462.86
       4.143     0.999414        19983      1706.67
       4.175     0.999512        19985      2048.00
       4.227     0.999561        19986      2275.56
       4.271     0.999609        19987      2560.00
       4.283     0.999658        19988      2925.71
       4.355     0.999707        19989      3413.33
       4.823     0.999756        19990      4096.00
       4.823     0.999780        19990      4551.11
       5.251     0.999805        19991      5120.00
       5.251     0.999829        19991      5851.43
       6.083     0.999854        19992      6826.67
       6.083     0.999878        19992      8192.00
       6.083     0.999890        19992      9102.22
       6.179     0.999902        19993     10240.00
       6.179     0.999915        19993     11702.86
       6.179     0.999927        19993     13653.33
       6.179     0.999939        19993     16384.00
       6.179     0.999945        19993     18204.44
       6.879     0.999951        19994     20480.00
       6.879     1.000000        19994          inf
#[Mean    =        1.159, StdDeviation   =        0.233]
#[Max     =        6.876, Total count    =        19994]
#[Buckets =           27, SubBuckets     =         2048]
-----------------------------------------------------------------------
  29918 requests in 30.01s, 4.99MB read
Requests/sec:    997.01  
Transfer/sec:    170.39KB
