Running 30s test @ http://10.99.59.146:8080/wrk2-api/user-timeline/read
  4 threads and 200 connections

  Thread calibration: mean lat.: 2165.015ms, rate sampling interval: 7970ms
  Thread calibration: mean lat.: 2260.898ms, rate sampling interval: 8032ms
  Thread calibration: mean lat.: 2136.369ms, rate sampling interval: 7884ms
  Thread calibration: mean lat.: 2215.933ms, rate sampling interval: 8089ms

-----------------------------------------------------------------------
Test Results @ http://10.99.59.146:8080/wrk2-api/user-timeline/read 
  Thread Stats   Avg      Stdev     99%   +/- Stdev
    Latency     9.93s     3.88s   16.84s    59.31%
    Req/Sec   107.62      3.64   112.00     87.50%
  Latency Distribution (HdrHistogram - Recorded Latency)
 50.000%   10.66s 
 75.000%   13.15s 
 90.000%   14.68s 
 99.000%   16.84s 
 99.900%   18.20s 
 99.990%   18.73s 
 99.999%   19.17s 
100.000%   19.17s 

  Detailed Percentile spectrum:
       Value   Percentile   TotalCount 1/(1-Percentile)

     698.879     0.000000            1         1.00
    4460.543     0.100000          916         1.11
    5668.863     0.200000         1833         1.25
    7151.615     0.300000         2745         1.43
    9134.079     0.400000         3660         1.67
   10657.791     0.500000         4581         2.00
   11157.503     0.550000         5033         2.22
   11698.175     0.600000         5491         2.50
   12197.887     0.650000         5955         2.86
   12681.215     0.700000         6412         3.33
   13148.159     0.750000         6865         4.00
   13377.535     0.775000         7093         4.44
   13606.911     0.800000         7326         5.00
   13819.903     0.825000         7555         5.71
   14073.855     0.850000         7778         6.67
   14368.767     0.875000         8007         8.00
   14524.415     0.887500         8121         8.89
   14680.063     0.900000         8235        10.00
   14819.327     0.912500         8353        11.43
   15024.127     0.925000         8467        13.33
   15228.927     0.937500         8579        16.00
   15335.423     0.943750         8636        17.78
   15441.919     0.950000         8695        20.00
   15564.799     0.956250         8750        22.86
   15712.255     0.962500         8809        26.67
   15900.671     0.968750         8867        32.00
   15998.975     0.971875         8893        35.56
   16146.431     0.975000         8923        40.00
   16252.927     0.978125         8950        45.71
   16351.231     0.981250         8980        53.33
   16515.071     0.984375         9008        64.00
   16564.223     0.985938         9023        71.11
   16662.527     0.987500         9037        80.00
   16760.831     0.989062         9050        91.43
   16875.519     0.990625         9065       106.67
   17088.511     0.992188         9079       128.00
   17137.663     0.992969         9088       142.22
   17186.815     0.993750         9094       160.00
   17268.735     0.994531         9101       182.86
   17383.423     0.995313         9108       213.33
   17547.263     0.996094         9115       256.00
   17596.415     0.996484         9118       284.44
   17645.567     0.996875         9123       320.00
   17793.023     0.997266         9125       365.71
   17842.175     0.997656         9129       426.67
   17907.711     0.998047         9133       512.00
   17956.863     0.998242         9134       568.89
   17989.631     0.998437         9136       640.00
   18120.703     0.998633         9138       731.43
   18186.239     0.998828         9140       853.33
   18251.775     0.999023         9142      1024.00
   18251.775     0.999121         9142      1137.78
   18333.695     0.999219         9143      1280.00
   18382.847     0.999316         9144      1462.86
   18464.767     0.999414         9145      1706.67
   18595.839     0.999512         9146      2048.00
   18595.839     0.999561         9146      2275.56
   18628.607     0.999609         9147      2560.00
   18628.607     0.999658         9147      2925.71
   18677.759     0.999707         9148      3413.33
   18677.759     0.999756         9148      4096.00
   18677.759     0.999780         9148      4551.11
   18726.911     0.999805         9149      5120.00
   18726.911     0.999829         9149      5851.43
   18726.911     0.999854         9149      6826.67
   18726.911     0.999878         9149      8192.00
   18726.911     0.999890         9149      9102.22
   19169.279     0.999902         9150     10240.00
   19169.279     1.000000         9150          inf
#[Mean    =     9931.009, StdDeviation   =     3880.557]
#[Max     =    19152.896, Total count    =         9150]
#[Buckets =           27, SubBuckets     =         2048]
-----------------------------------------------------------------------
  14742 requests in 30.02s, 16.35MB read
  Non-2xx or 3xx responses: 13790
Requests/sec:    491.05  
Transfer/sec:    557.61KB
