Running 30s test @ http://10.99.59.146:8080/wrk2-api/home-timeline/read
  4 threads and 200 connections

  Thread calibration: mean lat.: 1.270ms, rate sampling interval: 10ms
  Thread calibration: mean lat.: 1.223ms, rate sampling interval: 10ms
  Thread calibration: mean lat.: 1.228ms, rate sampling interval: 10ms
  Thread calibration: mean lat.: 1.217ms, rate sampling interval: 10ms

-----------------------------------------------------------------------
Test Results @ http://10.99.59.146:8080/wrk2-api/home-timeline/read 
  Thread Stats   Avg      Stdev     99%   +/- Stdev
    Latency     1.22ms  198.40us   1.69ms   78.91%
    Req/Sec   131.41    118.40   500.00     57.56%
  Latency Distribution (HdrHistogram - Recorded Latency)
 50.000%    1.20ms
 75.000%    1.31ms
 90.000%    1.43ms
 99.000%    1.69ms
 99.900%    3.40ms
 99.990%    4.57ms
 99.999%    4.65ms
100.000%    4.65ms

  Detailed Percentile spectrum:
       Value   Percentile   TotalCount 1/(1-Percentile)

       0.743     0.000000            1         1.00
       1.017     0.100000         1006         1.11
       1.079     0.200000         1995         1.25
       1.123     0.300000         2994         1.43
       1.161     0.400000         3985         1.67
       1.199     0.500000         4994         2.00
       1.217     0.550000         5485         2.22
       1.236     0.600000         5982         2.50
       1.258     0.650000         6473         2.86
       1.284     0.700000         6971         3.33
       1.310     0.750000         7468         4.00
       1.326     0.775000         7719         4.44
       1.342     0.800000         7973         5.00
       1.360     0.825000         8224         5.71
       1.378     0.850000         8469         6.67
       1.400     0.875000         8713         8.00
       1.411     0.887500         8836         8.89
       1.426     0.900000         8966        10.00
       1.439     0.912500         9090        11.43
       1.455     0.925000         9214        13.33
       1.473     0.937500         9334        16.00
       1.484     0.943750         9397        17.78
       1.498     0.950000         9459        20.00
       1.514     0.956250         9524        22.86
       1.527     0.962500         9587        26.67
       1.545     0.968750         9646        32.00
       1.561     0.971875         9676        35.56
       1.575     0.975000         9710        40.00
       1.587     0.978125         9739        45.71
       1.607     0.981250         9772        53.33
       1.623     0.984375         9801        64.00
       1.637     0.985938         9818        71.11
       1.652     0.987500         9832        80.00
       1.677     0.989062         9848        91.43
       1.699     0.990625         9863       106.67
       1.749     0.992188         9879       128.00
       1.771     0.992969         9886       142.22
       1.804     0.993750         9894       160.00
       1.856     0.994531         9902       182.86
       1.962     0.995313         9910       213.33
       2.203     0.996094         9918       256.00
       2.215     0.996484         9922       284.44
       2.273     0.996875         9925       320.00
       2.425     0.997266         9929       365.71
       2.501     0.997656         9933       426.67
       2.881     0.998047         9937       512.00
       2.923     0.998242         9939       568.89
       3.009     0.998437         9941       640.00
       3.141     0.998633         9943       731.43
       3.245     0.998828         9945       853.33
       3.461     0.999023         9947      1024.00
       3.487     0.999121         9948      1137.78
       3.525     0.999219         9949      1280.00
       3.679     0.999316         9950      1462.86
       3.845     0.999414         9951      1706.67
       3.927     0.999512         9952      2048.00
       3.927     0.999561         9952      2275.56
       4.119     0.999609         9954      2560.00
       4.119     0.999658         9954      2925.71
       4.119     0.999707         9954      3413.33
       4.119     0.999756         9954      4096.00
       4.119     0.999780         9954      4551.11
       4.567     0.999805         9955      5120.00
       4.567     0.999829         9955      5851.43
       4.567     0.999854         9955      6826.67
       4.567     0.999878         9955      8192.00
       4.567     0.999890         9955      9102.22
       4.647     0.999902         9956     10240.00
       4.647     1.000000         9956          inf
#[Mean    =        1.218, StdDeviation   =        0.198]
#[Max     =        4.644, Total count    =         9956]
#[Buckets =           27, SubBuckets     =         2048]
-----------------------------------------------------------------------
  14704 requests in 30.01s, 2.45MB read
  Socket errors: connect 0, read 0, write 0, timeout 28
Requests/sec:    489.99  
Transfer/sec:     83.74KB
