Running 30s test @ http://10.99.59.146:8080/wrk2-api/post/compose
  4 threads and 200 connections

  Thread calibration: mean lat.: 306.407ms, rate sampling interval: 2598ms
  Thread calibration: mean lat.: 265.756ms, rate sampling interval: 2342ms
  Thread calibration: mean lat.: 293.783ms, rate sampling interval: 2328ms
  Thread calibration: mean lat.: 316.299ms, rate sampling interval: 2660ms

-----------------------------------------------------------------------
Test Results @ http://10.99.59.146:8080/wrk2-api/post/compose 
  Thread Stats   Avg      Stdev     99%   +/- Stdev
    Latency    10.79ms   13.62ms  29.01ms   98.69%
    Req/Sec   123.87      7.27   144.00     70.00%
  Latency Distribution (HdrHistogram - Recorded Latency)
 50.000%    8.96ms
 75.000%   10.36ms
 90.000%   12.74ms
 99.000%   29.01ms
 99.900%  211.71ms
 99.990%  220.41ms
 99.999%  280.58ms
100.000%  280.58ms

  Detailed Percentile spectrum:
       Value   Percentile   TotalCount 1/(1-Percentile)

       6.403     0.000000            1         1.00
       7.547     0.100000          985         1.11
       7.919     0.200000         1970         1.25
       8.255     0.300000         2969         1.43
       8.591     0.400000         3943         1.67
       8.959     0.500000         4938         2.00
       9.151     0.550000         5414         2.22
       9.399     0.600000         5920         2.50
       9.679     0.650000         6401         2.86
       9.975     0.700000         6900         3.33
      10.359     0.750000         7393         4.00
      10.567     0.775000         7629         4.44
      10.831     0.800000         7878         5.00
      11.167     0.825000         8121         5.71
      11.527     0.850000         8367         6.67
      12.007     0.875000         8612         8.00
      12.319     0.887500         8736         8.89
      12.743     0.900000         8860        10.00
      13.263     0.912500         8983        11.43
      13.751     0.925000         9107        13.33
      14.415     0.937500         9227        16.00
      14.807     0.943750         9291        17.78
      15.295     0.950000         9350        20.00
      15.999     0.956250         9412        22.86
      16.719     0.962500         9473        26.67
      17.791     0.968750         9535        32.00
      18.511     0.971875         9567        35.56
      19.279     0.975000         9596        40.00
      19.999     0.978125         9628        45.71
      20.783     0.981250         9658        53.33
      22.575     0.984375         9690        64.00
      23.503     0.985938         9704        71.11
      25.119     0.987500         9719        80.00
      27.583     0.989062         9735        91.43
      30.911     0.990625         9750       106.67
      41.311     0.992188         9766       128.00
      57.503     0.992969         9773       142.22
      95.103     0.993750         9781       160.00
     108.159     0.994531         9789       182.86
     137.215     0.995313         9796       213.33
     173.311     0.996094         9804       256.00
     176.127     0.996484         9809       284.44
     184.447     0.996875         9812       320.00
     190.975     0.997266         9816       365.71
     194.431     0.997656         9819       426.67
     200.447     0.998047         9823       512.00
     202.111     0.998242         9825       568.89
     204.543     0.998437         9828       640.00
     204.927     0.998633         9829       731.43
     210.815     0.998828         9831       853.33
     213.247     0.999023         9833      1024.00
     215.935     0.999121         9834      1137.78
     217.727     0.999219         9835      1280.00
     217.983     0.999316         9836      1462.86
     218.495     0.999414         9838      1706.67
     218.495     0.999512         9838      2048.00
     218.495     0.999561         9838      2275.56
     219.519     0.999609         9839      2560.00
     219.519     0.999658         9839      2925.71
     220.159     0.999707         9840      3413.33
     220.159     0.999756         9840      4096.00
     220.159     0.999780         9840      4551.11
     220.415     0.999805         9841      5120.00
     220.415     0.999829         9841      5851.43
     220.415     0.999854         9841      6826.67
     220.415     0.999878         9841      8192.00
     220.415     0.999890         9841      9102.22
     280.575     0.999902         9842     10240.00
     280.575     1.000000         9842          inf
#[Mean    =       10.792, StdDeviation   =       13.615]
#[Max     =      280.320, Total count    =         9842]
#[Buckets =           27, SubBuckets     =         2048]
-----------------------------------------------------------------------
  14819 requests in 30.00s, 2.70MB read
  Socket errors: connect 0, read 0, write 0, timeout 20
Requests/sec:    493.91  
Transfer/sec:     92.13KB
