Running 30s test @ http://10.99.59.146:8080/wrk2-api/post/compose
  4 threads and 200 connections

  Thread calibration: mean lat.: 405.198ms, rate sampling interval: 2781ms
  Thread calibration: mean lat.: 370.918ms, rate sampling interval: 2764ms
  Thread calibration: mean lat.: 363.832ms, rate sampling interval: 2664ms
  Thread calibration: mean lat.: 352.485ms, rate sampling interval: 2633ms

-----------------------------------------------------------------------
Test Results @ http://10.99.59.146:8080/wrk2-api/post/compose 
  Thread Stats   Avg      Stdev     99%   +/- Stdev
    Latency   212.66ms  503.90ms   2.37s    88.25%
    Req/Sec   135.36     22.26   164.00     64.29%
  Latency Distribution (HdrHistogram - Recorded Latency)
 50.000%   10.45ms
 75.000%   15.77ms
 90.000%  858.62ms
 99.000%    2.37s 
 99.900%    3.22s 
 99.990%    3.78s 
 99.999%    3.92s 
100.000%    3.92s 

  Detailed Percentile spectrum:
       Value   Percentile   TotalCount 1/(1-Percentile)

       6.579     0.000000            1         1.00
       7.919     0.100000         1073         1.11
       8.519     0.200000         2144         1.25
       9.047     0.300000         3215         1.43
       9.671     0.400000         4289         1.67
      10.455     0.500000         5347         2.00
      10.927     0.550000         5880         2.22
      11.495     0.600000         6419         2.50
      12.295     0.650000         6951         2.86
      13.511     0.700000         7484         3.33
      15.775     0.750000         8019         4.00
      17.663     0.775000         8285         4.44
      28.143     0.800000         8552         5.00
     372.223     0.825000         8820         5.71
     469.759     0.850000         9088         6.67
     656.383     0.875000         9354         8.00
     755.199     0.887500         9488         8.89
     858.623     0.900000         9621        10.00
     968.191     0.912500         9755        11.43
    1103.871     0.925000         9889        13.33
    1235.967     0.937500        10022        16.00
    1315.839     0.943750        10089        17.78
    1395.711     0.950000        10157        20.00
    1486.847     0.956250        10223        22.86
    1592.319     0.962500        10291        26.67
    1695.743     0.968750        10356        32.00
    1766.399     0.971875        10390        35.56
    1862.655     0.975000        10423        40.00
    1943.551     0.978125        10457        45.71
    2018.303     0.981250        10491        53.33
    2115.583     0.984375        10523        64.00
    2189.311     0.985938        10542        71.11
    2275.327     0.987500        10557        80.00
    2328.575     0.989062        10574        91.43
    2404.351     0.990625        10590       106.67
    2476.031     0.992188        10608       128.00
    2535.423     0.992969        10615       142.22
    2584.575     0.993750        10624       160.00
    2648.063     0.994531        10632       182.86
    2746.367     0.995313        10641       213.33
    2795.519     0.996094        10649       256.00
    2834.431     0.996484        10653       284.44
    2856.959     0.996875        10657       320.00
    2895.871     0.997266        10661       365.71
    2953.215     0.997656        10665       426.67
    3071.999     0.998047        10670       512.00
    3145.727     0.998242        10672       568.89
    3168.255     0.998437        10674       640.00
    3188.735     0.998633        10676       731.43
    3217.407     0.998828        10678       853.33
    3254.271     0.999023        10680      1024.00
    3344.383     0.999121        10681      1137.78
    3352.575     0.999219        10682      1280.00
    3371.007     0.999316        10683      1462.86
    3465.215     0.999414        10684      1706.67
    3583.999     0.999512        10685      2048.00
    3600.383     0.999561        10686      2275.56
    3600.383     0.999609        10686      2560.00
    3635.199     0.999658        10687      2925.71
    3635.199     0.999707        10687      3413.33
    3651.583     0.999756        10688      4096.00
    3651.583     0.999780        10688      4551.11
    3651.583     0.999805        10688      5120.00
    3780.607     0.999829        10689      5851.43
    3780.607     0.999854        10689      6826.67
    3780.607     0.999878        10689      8192.00
    3780.607     0.999890        10689      9102.22
    3780.607     0.999902        10689     10240.00
    3917.823     0.999915        10690     11702.86
    3917.823     1.000000        10690          inf
#[Mean    =      212.663, StdDeviation   =      503.903]
#[Max     =     3915.776, Total count    =        10690]
#[Buckets =           27, SubBuckets     =         2048]
-----------------------------------------------------------------------
  16645 requests in 30.05s, 3.03MB read
  Socket errors: connect 0, read 0, write 0, timeout 5
Requests/sec:    553.87  
Transfer/sec:    103.31KB
