Running 30s test @ http://10.99.59.146:8080/wrk2-api/home-timeline/read
  4 threads and 200 connections

  Thread calibration: mean lat.: 2.414ms, rate sampling interval: 10ms
  Thread calibration: mean lat.: 2.255ms, rate sampling interval: 10ms
  Thread calibration: mean lat.: 2.278ms, rate sampling interval: 10ms
  Thread calibration: mean lat.: 2.145ms, rate sampling interval: 10ms

-----------------------------------------------------------------------
Test Results @ http://10.99.59.146:8080/wrk2-api/home-timeline/read 
  Thread Stats   Avg      Stdev     99%   +/- Stdev
    Latency     1.21ms  218.07us   1.77ms   81.79%
    Req/Sec   156.92    126.75   500.00     59.28%
  Latency Distribution (HdrHistogram - Recorded Latency)
 50.000%    1.19ms
 75.000%    1.30ms
 90.000%    1.43ms
 99.000%    1.77ms
 99.900%    3.52ms
 99.990%    5.81ms
 99.999%    6.28ms
100.000%    6.28ms

  Detailed Percentile spectrum:
       Value   Percentile   TotalCount 1/(1-Percentile)

       0.747     0.000000            1         1.00
       1.006     0.100000         1190         1.11
       1.067     0.200000         2380         1.25
       1.111     0.300000         3575         1.43
       1.149     0.400000         4753         1.67
       1.186     0.500000         5962         2.00
       1.205     0.550000         6542         2.22
       1.225     0.600000         7154         2.50
       1.247     0.650000         7719         2.86
       1.273     0.700000         8315         3.33
       1.303     0.750000         8926         4.00
       1.318     0.775000         9212         4.44
       1.336     0.800000         9505         5.00
       1.356     0.825000         9798         5.71
       1.376     0.850000        10094         6.67
       1.401     0.875000        10400         8.00
       1.414     0.887500        10541         8.89
       1.430     0.900000        10687        10.00
       1.446     0.912500        10842        11.43
       1.466     0.925000        10984        13.33
       1.489     0.937500        11134        16.00
       1.499     0.943750        11207        17.78
       1.509     0.950000        11283        20.00
       1.525     0.956250        11356        22.86
       1.545     0.962500        11431        26.67
       1.567     0.968750        11503        32.00
       1.583     0.971875        11543        35.56
       1.602     0.975000        11581        40.00
       1.619     0.978125        11616        45.71
       1.638     0.981250        11654        53.33
       1.671     0.984375        11689        64.00
       1.693     0.985938        11708        71.11
       1.716     0.987500        11726        80.00
       1.753     0.989062        11746        91.43
       1.790     0.990625        11763       106.67
       1.854     0.992188        11782       128.00
       1.890     0.992969        11791       142.22
       1.924     0.993750        11800       160.00
       2.051     0.994531        11810       182.86
       2.153     0.995313        11820       213.33
       2.255     0.996094        11828       256.00
       2.387     0.996484        11833       284.44
       2.485     0.996875        11837       320.00
       2.613     0.997266        11842       365.71
       2.867     0.997656        11847       426.67
       3.145     0.998047        11851       512.00
       3.253     0.998242        11854       568.89
       3.291     0.998437        11856       640.00
       3.363     0.998633        11858       731.43
       3.485     0.998828        11861       853.33
       3.625     0.999023        11863      1024.00
       3.667     0.999121        11864      1137.78
       3.721     0.999219        11865      1280.00
       3.831     0.999316        11866      1462.86
       3.903     0.999414        11868      1706.67
       4.057     0.999512        11869      2048.00
       4.057     0.999561        11869      2275.56
       4.103     0.999609        11870      2560.00
       4.103     0.999658        11870      2925.71
       4.135     0.999707        11871      3413.33
       5.111     0.999756        11872      4096.00
       5.111     0.999780        11872      4551.11
       5.111     0.999805        11872      5120.00
       5.111     0.999829        11872      5851.43
       5.811     0.999854        11873      6826.67
       5.811     0.999878        11873      8192.00
       5.811     0.999890        11873      9102.22
       5.811     0.999902        11873     10240.00
       5.811     0.999915        11873     11702.86
       6.275     0.999927        11874     13653.33
       6.275     1.000000        11874          inf
#[Mean    =        1.213, StdDeviation   =        0.218]
#[Max     =        6.272, Total count    =        11874]
#[Buckets =           27, SubBuckets     =         2048]
-----------------------------------------------------------------------
  17849 requests in 30.00s, 2.98MB read
  Socket errors: connect 0, read 0, write 0, timeout 5
Requests/sec:    594.90  
Transfer/sec:    101.67KB
