Running 30s test @ http://10.99.59.146:8080/wrk2-api/home-timeline/read
  4 threads and 200 connections

  Thread calibration: mean lat.: 2.363ms, rate sampling interval: 10ms
  Thread calibration: mean lat.: 2.023ms, rate sampling interval: 10ms
  Thread calibration: mean lat.: 2.084ms, rate sampling interval: 10ms
  Thread calibration: mean lat.: 2.145ms, rate sampling interval: 10ms

-----------------------------------------------------------------------
Test Results @ http://10.99.59.146:8080/wrk2-api/home-timeline/read 
  Thread Stats   Avg      Stdev     99%   +/- Stdev
    Latency     1.20ms  223.42us   1.83ms   81.51%
    Req/Sec   181.58    139.48   600.00     65.21%
  Latency Distribution (HdrHistogram - Recorded Latency)
 50.000%    1.17ms
 75.000%    1.29ms
 90.000%    1.43ms
 99.000%    1.83ms
 99.900%    3.41ms
 99.990%    6.63ms
 99.999%    6.95ms
100.000%    6.95ms

  Detailed Percentile spectrum:
       Value   Percentile   TotalCount 1/(1-Percentile)

       0.735     0.000000            1         1.00
       0.988     0.100000         1378         1.11
       1.048     0.200000         2789         1.25
       1.092     0.300000         4149         1.43
       1.132     0.400000         5529         1.67
       1.169     0.500000         6892         2.00
       1.189     0.550000         7586         2.22
       1.209     0.600000         8256         2.50
       1.232     0.650000         8948         2.86
       1.259     0.700000         9656         3.33
       1.286     0.750000        10327         4.00
       1.303     0.775000        10685         4.44
       1.321     0.800000        11025         5.00
       1.341     0.825000        11367         5.71
       1.364     0.850000        11699         6.67
       1.393     0.875000        12043         8.00
       1.409     0.887500        12220         8.89
       1.427     0.900000        12387        10.00
       1.444     0.912500        12560        11.43
       1.466     0.925000        12727        13.33
       1.491     0.937500        12903        16.00
       1.508     0.943750        12996        17.78
       1.523     0.950000        13071        20.00
       1.540     0.956250        13159        22.86
       1.560     0.962500        13245        26.67
       1.585     0.968750        13331        32.00
       1.603     0.971875        13374        35.56
       1.619     0.975000        13414        40.00
       1.640     0.978125        13458        45.71
       1.673     0.981250        13500        53.33
       1.708     0.984375        13544        64.00
       1.734     0.985938        13564        71.11
       1.761     0.987500        13586        80.00
       1.811     0.989062        13607        91.43
       1.854     0.990625        13629       106.67
       1.940     0.992188        13650       128.00
       1.990     0.992969        13661       142.22
       2.028     0.993750        13672       160.00
       2.101     0.994531        13683       182.86
       2.133     0.995313        13693       213.33
       2.243     0.996094        13704       256.00
       2.299     0.996484        13709       284.44
       2.361     0.996875        13715       320.00
       2.465     0.997266        13720       365.71
       2.539     0.997656        13725       426.67
       2.829     0.998047        13731       512.00
       2.895     0.998242        13733       568.89
       3.053     0.998437        13736       640.00
       3.231     0.998633        13740       731.43
       3.321     0.998828        13741       853.33
       3.459     0.999023        13744      1024.00
       3.475     0.999121        13745      1137.78
       3.593     0.999219        13747      1280.00
       3.651     0.999316        13748      1462.86
       3.721     0.999414        13749      1706.67
       4.251     0.999512        13751      2048.00
       4.251     0.999561        13751      2275.56
       4.411     0.999609        13752      2560.00
       4.487     0.999658        13753      2925.71
       4.487     0.999707        13753      3413.33
       4.563     0.999756        13754      4096.00
       4.563     0.999780        13754      4551.11
       4.739     0.999805        13755      5120.00
       4.739     0.999829        13755      5851.43
       4.739     0.999854        13755      6826.67
       6.627     0.999878        13756      8192.00
       6.627     0.999890        13756      9102.22
       6.627     0.999902        13756     10240.00
       6.627     0.999915        13756     11702.86
       6.627     0.999927        13756     13653.33
       6.951     0.999939        13757     16384.00
       6.951     1.000000        13757          inf
#[Mean    =        1.198, StdDeviation   =        0.223]
#[Max     =        6.948, Total count    =        13757]
#[Buckets =           27, SubBuckets     =         2048]
-----------------------------------------------------------------------
  20708 requests in 30.00s, 3.46MB read
  Socket errors: connect 0, read 0, write 0, timeout 3
Requests/sec:    690.19  
Transfer/sec:    117.95KB
