Running 30s test @ http://10.99.59.146:8080/wrk2-api/post/compose
  4 threads and 200 connections

  Thread calibration: mean lat.: 380.755ms, rate sampling interval: 2662ms
  Thread calibration: mean lat.: 159.607ms, rate sampling interval: 1018ms
  Thread calibration: mean lat.: 366.614ms, rate sampling interval: 2576ms
  Thread calibration: mean lat.: 354.372ms, rate sampling interval: 2453ms

-----------------------------------------------------------------------
Test Results @ http://10.99.59.146:8080/wrk2-api/post/compose 
  Thread Stats   Avg      Stdev     99%   +/- Stdev
    Latency   618.29ms    1.14s    4.48s    84.39%
    Req/Sec   139.56     37.61   184.00     56.10%
  Latency Distribution (HdrHistogram - Recorded Latency)
 50.000%   13.46ms
 75.000%  763.39ms
 90.000%    2.49s 
 99.000%    4.48s 
 99.900%    5.55s 
 99.990%    6.28s 
 99.999%    6.55s 
100.000%    6.55s 

  Detailed Percentile spectrum:
       Value   Percentile   TotalCount 1/(1-Percentile)

       6.655     0.000000            1         1.00
       8.583     0.100000         1109         1.11
       9.575     0.200000         2226         1.25
      10.551     0.300000         3324         1.43
      11.743     0.400000         4431         1.67
      13.463     0.500000         5532         2.00
      14.711     0.550000         6089         2.22
      16.447     0.600000         6638         2.50
      19.599     0.650000         7192         2.86
     240.895     0.700000         7745         3.33
     763.391     0.750000         8298         4.00
     990.207     0.775000         8574         4.44
    1258.495     0.800000         8853         5.00
    1554.431     0.825000         9127         5.71
    1840.127     0.850000         9405         6.67
    2138.111     0.875000         9681         8.00
    2303.999     0.887500         9824         8.89
    2492.415     0.900000         9957        10.00
    2689.023     0.912500        10099        11.43
    2885.631     0.925000        10234        13.33
    3115.007     0.937500        10372        16.00
    3231.743     0.943750        10441        17.78
    3342.335     0.950000        10513        20.00
    3471.359     0.956250        10579        22.86
    3602.431     0.962500        10651        26.67
    3749.887     0.968750        10718        32.00
    3827.711     0.971875        10752        35.56
    3928.063     0.975000        10788        40.00
    4022.271     0.978125        10821        45.71
    4126.719     0.981250        10857        53.33
    4247.551     0.984375        10891        64.00
    4292.607     0.985938        10908        71.11
    4345.855     0.987500        10925        80.00
    4440.063     0.989062        10942        91.43
    4509.695     0.990625        10961       106.67
    4648.959     0.992188        10977       128.00
    4722.687     0.992969        10988       142.22
    4747.263     0.993750        10996       160.00
    4825.087     0.994531        11003       182.86
    4919.295     0.995313        11012       213.33
    5005.311     0.996094        11020       256.00
    5070.847     0.996484        11025       284.44
    5107.711     0.996875        11029       320.00
    5119.999     0.997266        11033       365.71
    5197.823     0.997656        11038       426.67
    5279.743     0.998047        11043       512.00
    5296.127     0.998242        11044       568.89
    5357.567     0.998437        11046       640.00
    5484.543     0.998633        11048       731.43
    5541.887     0.998828        11051       853.33
    5586.943     0.999023        11053      1024.00
    5672.959     0.999121        11054      1137.78
    5701.631     0.999219        11055      1280.00
    5763.071     0.999316        11057      1462.86
    5763.071     0.999414        11057      1706.67
    5832.703     0.999512        11058      2048.00
    5955.583     0.999561        11059      2275.56
    5955.583     0.999609        11059      2560.00
    6062.079     0.999658        11060      2925.71
    6062.079     0.999707        11060      3413.33
    6172.671     0.999756        11061      4096.00
    6172.671     0.999780        11061      4551.11
    6172.671     0.999805        11061      5120.00
    6283.263     0.999829        11062      5851.43
    6283.263     0.999854        11062      6826.67
    6283.263     0.999878        11062      8192.00
    6283.263     0.999890        11062      9102.22
    6283.263     0.999902        11062     10240.00
    6545.407     0.999915        11063     11702.86
    6545.407     1.000000        11063          inf
#[Mean    =      618.286, StdDeviation   =     1140.345]
#[Max     =     6541.312, Total count    =        11063]
#[Buckets =           27, SubBuckets     =         2048]
-----------------------------------------------------------------------
  17848 requests in 30.04s, 3.25MB read
  Socket errors: connect 0, read 0, write 0, timeout 3
Requests/sec:    594.24  
Transfer/sec:    110.85KB
