Running 30s test @ http://10.99.59.146:8080/wrk2-api/home-timeline/read
  4 threads and 200 connections

  Thread calibration: mean lat.: 10.978ms, rate sampling interval: 10ms
  Thread calibration: mean lat.: 8.215ms, rate sampling interval: 10ms
  Thread calibration: mean lat.: 11.543ms, rate sampling interval: 10ms
  Thread calibration: mean lat.: 9.637ms, rate sampling interval: 10ms

-----------------------------------------------------------------------
Test Results @ http://10.99.59.146:8080/wrk2-api/home-timeline/read 
  Thread Stats   Avg      Stdev     99%   +/- Stdev
    Latency     1.18ms  218.19us   1.82ms   80.02%
    Req/Sec   209.59    148.40   666.00     73.01%
  Latency Distribution (HdrHistogram - Recorded Latency)
 50.000%    1.15ms
 75.000%    1.27ms
 90.000%    1.41ms
 99.000%    1.82ms
 99.900%    3.22ms
 99.990%    4.88ms
 99.999%    5.18ms
100.000%    5.18ms

  Detailed Percentile spectrum:
       Value   Percentile   TotalCount 1/(1-Percentile)

       0.707     0.000000            1         1.00
       0.966     0.100000         1597         1.11
       1.025     0.200000         3192         1.25
       1.069     0.300000         4778         1.43
       1.110     0.400000         6369         1.67
       1.150     0.500000         7946         2.00
       1.170     0.550000         8746         2.22
       1.191     0.600000         9537         2.50
       1.214     0.650000        10339         2.86
       1.240     0.700000        11144         3.33
       1.270     0.750000        11913         4.00
       1.288     0.775000        12323         4.44
       1.308     0.800000        12705         5.00
       1.329     0.825000        13121         5.71
       1.350     0.850000        13506         6.67
       1.377     0.875000        13892         8.00
       1.393     0.887500        14095         8.89
       1.409     0.900000        14289        10.00
       1.427     0.912500        14492        11.43
       1.450     0.925000        14695        13.33
       1.475     0.937500        14884        16.00
       1.489     0.943750        14983        17.78
       1.507     0.950000        15082        20.00
       1.529     0.956250        15182        22.86
       1.551     0.962500        15282        26.67
       1.580     0.968750        15380        32.00
       1.596     0.971875        15431        35.56
       1.614     0.975000        15479        40.00
       1.637     0.978125        15532        45.71
       1.673     0.981250        15577        53.33
       1.703     0.984375        15626        64.00
       1.736     0.985938        15652        71.11
       1.758     0.987500        15676        80.00
       1.793     0.989062        15701        91.43
       1.845     0.990625        15726       106.67
       1.887     0.992188        15751       128.00
       1.916     0.992969        15763       142.22
       1.960     0.993750        15775       160.00
       1.992     0.994531        15788       182.86
       2.063     0.995313        15800       213.33
       2.175     0.996094        15813       256.00
       2.229     0.996484        15819       284.44
       2.249     0.996875        15825       320.00
       2.317     0.997266        15831       365.71
       2.389     0.997656        15837       426.67
       2.603     0.998047        15843       512.00
       2.845     0.998242        15847       568.89
       2.947     0.998437        15850       640.00
       3.061     0.998633        15853       731.43
       3.127     0.998828        15856       853.33
       3.227     0.999023        15859      1024.00
       3.409     0.999121        15861      1137.78
       3.421     0.999219        15862      1280.00
       3.627     0.999316        15864      1462.86
       3.657     0.999414        15865      1706.67
       4.523     0.999512        15867      2048.00
       4.663     0.999561        15868      2275.56
       4.663     0.999609        15868      2560.00
       4.771     0.999658        15869      2925.71
       4.843     0.999707        15870      3413.33
       4.859     0.999756        15871      4096.00
       4.859     0.999780        15871      4551.11
       4.859     0.999805        15871      5120.00
       4.883     0.999829        15872      5851.43
       4.883     0.999854        15872      6826.67
       4.939     0.999878        15873      8192.00
       4.939     0.999890        15873      9102.22
       4.939     0.999902        15873     10240.00
       4.939     0.999915        15873     11702.86
       4.939     0.999927        15873     13653.33
       5.183     0.999939        15874     16384.00
       5.183     1.000000        15874          inf
#[Mean    =        1.179, StdDeviation   =        0.218]
#[Max     =        5.180, Total count    =        15874]
#[Buckets =           27, SubBuckets     =         2048]
-----------------------------------------------------------------------
  23842 requests in 30.01s, 3.98MB read
Requests/sec:    794.53  
Transfer/sec:    135.78KB
