Running 30s test @ http://10.99.59.146:8080/wrk2-api/post/compose
  4 threads and 200 connections

  Thread calibration: mean lat.: 1390.236ms, rate sampling interval: 4833ms
  Thread calibration: mean lat.: 1225.290ms, rate sampling interval: 4407ms
  Thread calibration: mean lat.: 1358.318ms, rate sampling interval: 4702ms
  Thread calibration: mean lat.: 1338.398ms, rate sampling interval: 4587ms

-----------------------------------------------------------------------
Test Results @ http://10.99.59.146:8080/wrk2-api/post/compose 
  Thread Stats   Avg      Stdev     99%   +/- Stdev
    Latency     3.40s     2.68s   10.35s    63.50%
    Req/Sec   114.69     28.76   164.00     50.00%
  Latency Distribution (HdrHistogram - Recorded Latency)
 50.000%    2.80s 
 75.000%    5.19s 
 90.000%    7.41s 
 99.000%   10.35s 
 99.900%   11.53s 
 99.990%   12.21s 
 99.999%   12.71s 
100.000%   12.71s 

  Detailed Percentile spectrum:
       Value   Percentile   TotalCount 1/(1-Percentile)

     143.999     0.000000            1         1.00
     370.687     0.100000          893         1.11
     800.767     0.200000         1786         1.25
    1419.263     0.300000         2679         1.43
    2059.263     0.400000         3571         1.67
    2803.711     0.500000         4467         2.00
    3231.743     0.550000         4913         2.22
    3672.063     0.600000         5355         2.50
    4128.767     0.650000         5802         2.86
    4628.479     0.700000         6254         3.33
    5185.535     0.750000         6694         4.00
    5509.119     0.775000         6919         4.44
    5820.415     0.800000         7141         5.00
    6152.191     0.825000         7367         5.71
    6529.023     0.850000         7588         6.67
    6926.335     0.875000         7811         8.00
    7159.807     0.887500         7921         8.89
    7409.663     0.900000         8033        10.00
    7647.231     0.912500         8145        11.43
    7929.855     0.925000         8256        13.33
    8228.863     0.937500         8368        16.00
    8404.991     0.943750         8423        17.78
    8601.599     0.950000         8481        20.00
    8806.399     0.956250         8537        22.86
    9003.007     0.962500         8593        26.67
    9256.959     0.968750         8647        32.00
    9379.839     0.971875         8675        35.56
    9494.527     0.975000         8703        40.00
    9658.367     0.978125         8730        45.71
    9838.591     0.981250         8758        53.33
    9994.239     0.984375         8787        64.00
   10076.159     0.985938         8800        71.11
   10190.847     0.987500         8814        80.00
   10305.535     0.989062         8828        91.43
   10403.839     0.990625         8842       106.67
   10575.871     0.992188         8856       128.00
   10641.407     0.992969         8864       142.22
   10731.519     0.993750         8870       160.00
   10821.631     0.994531         8878       182.86
   10895.359     0.995313         8884       213.33
   11018.239     0.996094         8891       256.00
   11091.967     0.996484         8894       284.44
   11165.695     0.996875         8898       320.00
   11223.039     0.997266         8901       365.71
   11247.615     0.997656         8905       426.67
   11321.343     0.998047         8908       512.00
   11337.727     0.998242         8910       568.89
   11345.919     0.998437         8912       640.00
   11370.495     0.998633         8913       731.43
   11517.951     0.998828         8915       853.33
   11575.295     0.999023         8917      1024.00
   11624.447     0.999121         8918      1137.78
   11681.791     0.999219         8919      1280.00
   11681.791     0.999316         8919      1462.86
   11771.903     0.999414         8920      1706.67
   11804.671     0.999512         8921      2048.00
   12025.855     0.999561         8923      2275.56
   12025.855     0.999609         8923      2560.00
   12025.855     0.999658         8923      2925.71
   12025.855     0.999707         8923      3413.33
   12025.855     0.999756         8923      4096.00
   12214.271     0.999780         8924      4551.11
   12214.271     0.999805         8924      5120.00
   12214.271     0.999829         8924      5851.43
   12214.271     0.999854         8924      6826.67
   12214.271     0.999878         8924      8192.00
   12705.791     0.999890         8925      9102.22
   12705.791     1.000000         8925          inf
#[Mean    =     3396.900, StdDeviation   =     2681.972]
#[Max     =    12697.600, Total count    =         8925]
#[Buckets =           27, SubBuckets     =         2048]
-----------------------------------------------------------------------
  16280 requests in 30.03s, 3.22MB read
  Non-2xx or 3xx responses: 7146
Requests/sec:    542.09  
Transfer/sec:    109.94KB
