Running 30s test @ http://10.99.59.146:8080/wrk2-api/home-timeline/read
  4 threads and 200 connections

  Thread calibration: mean lat.: 4.002ms, rate sampling interval: 10ms
  Thread calibration: mean lat.: 3.946ms, rate sampling interval: 10ms
  Thread calibration: mean lat.: 3.231ms, rate sampling interval: 10ms
  Thread calibration: mean lat.: 2.681ms, rate sampling interval: 10ms

-----------------------------------------------------------------------
Test Results @ http://10.99.59.146:8080/wrk2-api/home-timeline/read 
  Thread Stats   Avg      Stdev     99%   +/- Stdev
    Latency     1.17ms  209.29us   1.78ms   78.39%
    Req/Sec   235.76    158.72   666.00     70.02%
  Latency Distribution (HdrHistogram - Recorded Latency)
 50.000%    1.14ms
 75.000%    1.25ms
 90.000%    1.40ms
 99.000%    1.78ms
 99.900%    2.97ms
 99.990%    4.53ms
 99.999%    4.67ms
100.000%    4.67ms

  Detailed Percentile spectrum:
       Value   Percentile   TotalCount 1/(1-Percentile)

       0.740     0.000000            1         1.00
       0.958     0.100000         1811         1.11
       1.013     0.200000         3577         1.25
       1.058     0.300000         5380         1.43
       1.099     0.400000         7148         1.67
       1.137     0.500000         8927         2.00
       1.158     0.550000         9852         2.22
       1.178     0.600000        10743         2.50
       1.201     0.650000        11624         2.86
       1.227     0.700000        12508         3.33
       1.255     0.750000        13393         4.00
       1.272     0.775000        13834         4.44
       1.293     0.800000        14284         5.00
       1.315     0.825000        14742         5.71
       1.340     0.850000        15179         6.67
       1.369     0.875000        15626         8.00
       1.384     0.887500        15847         8.89
       1.401     0.900000        16068        10.00
       1.420     0.912500        16301        11.43
       1.440     0.925000        16514        13.33
       1.466     0.937500        16736        16.00
       1.481     0.943750        16847        17.78
       1.496     0.950000        16958        20.00
       1.513     0.956250        17071        22.86
       1.537     0.962500        17185        26.67
       1.564     0.968750        17294        32.00
       1.583     0.971875        17349        35.56
       1.606     0.975000        17404        40.00
       1.634     0.978125        17461        45.71
       1.659     0.981250        17519        53.33
       1.683     0.984375        17572        64.00
       1.703     0.985938        17600        71.11
       1.738     0.987500        17627        80.00
       1.767     0.989062        17657        91.43
       1.812     0.990625        17683       106.67
       1.870     0.992188        17711       128.00
       1.909     0.992969        17725       142.22
       1.980     0.993750        17739       160.00
       2.046     0.994531        17753       182.86
       2.095     0.995313        17767       213.33
       2.163     0.996094        17781       256.00
       2.203     0.996484        17788       284.44
       2.251     0.996875        17795       320.00
       2.301     0.997266        17803       365.71
       2.319     0.997656        17809       426.67
       2.459     0.998047        17816       512.00
       2.529     0.998242        17819       568.89
       2.617     0.998437        17823       640.00
       2.705     0.998633        17826       731.43
       2.893     0.998828        17830       853.33
       3.011     0.999023        17833      1024.00
       3.173     0.999121        17835      1137.78
       3.267     0.999219        17837      1280.00
       3.277     0.999316        17838      1462.86
       3.357     0.999414        17840      1706.67
       3.551     0.999512        17842      2048.00
       3.961     0.999561        17843      2275.56
       4.031     0.999609        17844      2560.00
       4.031     0.999658        17844      2925.71
       4.039     0.999707        17845      3413.33
       4.099     0.999756        17846      4096.00
       4.391     0.999780        17847      4551.11
       4.391     0.999805        17847      5120.00
       4.391     0.999829        17847      5851.43
       4.527     0.999854        17848      6826.67
       4.527     0.999878        17848      8192.00
       4.643     0.999890        17849      9102.22
       4.643     0.999902        17849     10240.00
       4.643     0.999915        17849     11702.86
       4.643     0.999927        17849     13653.33
       4.643     0.999939        17849     16384.00
       4.671     0.999945        17850     18204.44
       4.671     1.000000        17850          inf
#[Mean    =        1.167, StdDeviation   =        0.209]
#[Max     =        4.668, Total count    =        17850]
#[Buckets =           27, SubBuckets     =         2048]
-----------------------------------------------------------------------
  26823 requests in 30.01s, 4.48MB read
Requests/sec:    893.88  
Transfer/sec:    152.76KB
