Running 30s test @ http://10.99.59.146:8080/wrk2-api/post/compose
  4 threads and 200 connections

  Thread calibration: mean lat.: 4715.788ms, rate sampling interval: 12574ms
  Thread calibration: mean lat.: 4478.218ms, rate sampling interval: 12140ms
  Thread calibration: mean lat.: 4551.234ms, rate sampling interval: 12312ms
  Thread calibration: mean lat.: 4564.444ms, rate sampling interval: 12247ms

-----------------------------------------------------------------------
Test Results @ http://10.99.59.146:8080/wrk2-api/post/compose 
  Thread Stats   Avg      Stdev     99%   +/- Stdev
    Latency    11.24s     3.23s   18.32s    62.72%
    Req/Sec   110.25      0.43   111.00    100.00%
  Latency Distribution (HdrHistogram - Recorded Latency)
 50.000%   11.11s 
 75.000%   13.70s 
 90.000%   15.66s 
 99.000%   18.32s 
 99.900%   20.00s 
 99.990%   20.64s 
 99.999%   21.02s 
100.000%   21.02s 

  Detailed Percentile spectrum:
       Value   Percentile   TotalCount 1/(1-Percentile)

    3799.039     0.000000            1         1.00
    7049.215     0.100000          903         1.11
    8118.271     0.200000         1799         1.25
    9109.503     0.300000         2695         1.43
   10100.735     0.400000         3595         1.67
   11108.351     0.500000         4494         2.00
   11591.679     0.550000         4939         2.22
   12091.391     0.600000         5388         2.50
   12615.679     0.650000         5840         2.86
   13139.967     0.700000         6289         3.33
   13697.023     0.750000         6739         4.00
   13975.551     0.775000         6961         4.44
   14286.847     0.800000         7187         5.00
   14565.375     0.825000         7410         5.71
   14893.055     0.850000         7636         6.67
   15245.311     0.875000         7858         8.00
   15450.111     0.887500         7972         8.89
   15663.103     0.900000         8083        10.00
   15900.671     0.912500         8197        11.43
   16113.663     0.925000         8312        13.33
   16359.423     0.937500         8419        16.00
   16498.687     0.943750         8477        17.78
   16654.335     0.950000         8531        20.00
   16809.983     0.956250         8587        22.86
   17072.127     0.962500         8645        26.67
   17268.735     0.968750         8701        32.00
   17416.191     0.971875         8730        35.56
   17514.495     0.975000         8757        40.00
   17645.567     0.978125         8783        45.71
   17825.791     0.981250         8815        53.33
   17956.863     0.984375         8840        64.00
   18071.551     0.985938         8853        71.11
   18169.855     0.987500         8868        80.00
   18251.775     0.989062         8884        91.43
   18382.847     0.990625         8898       106.67
   18497.535     0.992188         8911       128.00
   18563.071     0.992969         8916       142.22
   18694.143     0.993750         8923       160.00
   18808.831     0.994531         8931       182.86
   18890.751     0.995313         8937       213.33
   19070.975     0.996094         8944       256.00
   19169.279     0.996484         8949       284.44
   19234.815     0.996875         8951       320.00
   19349.503     0.997266         8955       365.71
   19513.343     0.997656         8958       426.67
   19611.647     0.998047         8962       512.00
   19660.799     0.998242         8964       568.89
   19726.335     0.998437         8965       640.00
   19906.559     0.998633         8967       731.43
   19988.479     0.998828         8969       853.33
   20054.015     0.999023         8972      1024.00
   20054.015     0.999121         8972      1137.78
   20054.015     0.999219         8972      1280.00
   20119.551     0.999316         8974      1462.86
   20119.551     0.999414         8974      1706.67
   20316.159     0.999512         8975      2048.00
   20463.615     0.999561         8976      2275.56
   20463.615     0.999609         8976      2560.00
   20463.615     0.999658         8976      2925.71
   20529.151     0.999707         8977      3413.33
   20529.151     0.999756         8977      4096.00
   20643.839     0.999780         8978      4551.11
   20643.839     0.999805         8978      5120.00
   20643.839     0.999829         8978      5851.43
   20643.839     0.999854         8978      6826.67
   20643.839     0.999878         8978      8192.00
   21020.671     0.999890         8979      9102.22
   21020.671     1.000000         8979          inf
#[Mean    =    11237.411, StdDeviation   =     3227.771]
#[Max     =    21004.288, Total count    =         8979]
#[Buckets =           27, SubBuckets     =         2048]
-----------------------------------------------------------------------
  12268 requests in 30.01s, 2.68MB read
  Non-2xx or 3xx responses: 12268
Requests/sec:    408.86  
Transfer/sec:     91.43KB
