Running 30s test @ http://10.111.138.180:8080/wrk2-api/home-timeline/read
  4 threads and 200 connections

  Thread calibration: mean lat.: 1.681ms, rate sampling interval: 10ms
  Thread calibration: mean lat.: 1.619ms, rate sampling interval: 10ms
  Thread calibration: mean lat.: 1.183ms, rate sampling interval: 10ms
  Thread calibration: mean lat.: 1.733ms, rate sampling interval: 10ms

-----------------------------------------------------------------------
Test Results @ http://10.111.138.180:8080/wrk2-api/home-timeline/read 
  Thread Stats   Avg      Stdev     99%   +/- Stdev
    Latency     1.15ms  204.64us   1.76ms   77.62%
    Req/Sec   263.93    169.48   700.00     74.10%
  Latency Distribution (HdrHistogram - Recorded Latency)
 50.000%    1.12ms
 75.000%    1.24ms
 90.000%    1.38ms
 99.000%    1.76ms
 99.900%    2.86ms
 99.990%    4.45ms
 99.999%    4.75ms
100.000%    4.75ms

  Detailed Percentile spectrum:
       Value   Percentile   TotalCount 1/(1-Percentile)

       0.718     0.000000            1         1.00
       0.941     0.100000         2018         1.11
       0.993     0.200000         4022         1.25
       1.038     0.300000         6031         1.43
       1.079     0.400000         8032         1.67
       1.117     0.500000        10005         2.00
       1.138     0.550000        11036         2.22
       1.159     0.600000        12008         2.50
       1.181     0.650000        12999         2.86
       1.206     0.700000        14007         3.33
       1.236     0.750000        15015         4.00
       1.254     0.775000        15523         4.44
       1.273     0.800000        16013         5.00
       1.296     0.825000        16501         5.71
       1.320     0.850000        17000         6.67
       1.349     0.875000        17506         8.00
       1.367     0.887500        17747         8.89
       1.385     0.900000        18000        10.00
       1.404     0.912500        18251        11.43
       1.426     0.925000        18497        13.33
       1.450     0.937500        18753        16.00
       1.465     0.943750        18878        17.78
       1.480     0.950000        19006        20.00
       1.502     0.956250        19123        22.86
       1.526     0.962500        19251        26.67
       1.550     0.968750        19373        32.00
       1.568     0.971875        19436        35.56
       1.585     0.975000        19497        40.00
       1.609     0.978125        19561        45.71
       1.633     0.981250        19624        53.33
       1.666     0.984375        19684        64.00
       1.687     0.985938        19715        71.11
       1.707     0.987500        19747        80.00
       1.745     0.989062        19778        91.43
       1.778     0.990625        19809       106.67
       1.827     0.992188        19840       128.00
       1.865     0.992969        19856       142.22
       1.905     0.993750        19872       160.00
       1.988     0.994531        19887       182.86
       2.053     0.995313        19903       213.33
       2.097     0.996094        19919       256.00
       2.109     0.996484        19926       284.44
       2.149     0.996875        19934       320.00
       2.207     0.997266        19942       365.71
       2.261     0.997656        19950       426.67
       2.385     0.998047        19957       512.00
       2.413     0.998242        19961       568.89
       2.507     0.998437        19965       640.00
       2.605     0.998633        19969       731.43
       2.703     0.998828        19973       853.33
       2.861     0.999023        19977      1024.00
       2.897     0.999121        19980      1137.78
       2.903     0.999219        19982      1280.00
       2.959     0.999316        19983      1462.86
       3.185     0.999414        19985      1706.67
       3.307     0.999512        19987      2048.00
       3.345     0.999561        19988      2275.56
       3.407     0.999609        19989      2560.00
       3.699     0.999658        19990      2925.71
       4.013     0.999707        19991      3413.33
       4.061     0.999756        19992      4096.00
       4.061     0.999780        19992      4551.11
       4.151     0.999805        19993      5120.00
       4.151     0.999829        19993      5851.43
       4.455     0.999854        19994      6826.67
       4.455     0.999878        19994      8192.00
       4.455     0.999890        19994      9102.22
       4.703     0.999902        19995     10240.00
       4.703     0.999915        19995     11702.86
       4.703     0.999927        19995     13653.33
       4.703     0.999939        19995     16384.00
       4.703     0.999945        19995     18204.44
       4.751     0.999951        19996     20480.00
       4.751     1.000000        19996          inf
#[Mean    =        1.147, StdDeviation   =        0.205]
#[Max     =        4.748, Total count    =        19996]
#[Buckets =           27, SubBuckets     =         2048]
-----------------------------------------------------------------------
  29676 requests in 30.01s, 4.95MB read
Requests/sec:    988.78  
Transfer/sec:    168.98KB
