Running 30s test @ http://10.111.138.180:8080/wrk2-api/post/compose
  4 threads and 200 connections

  Thread calibration: mean lat.: 4863.394ms, rate sampling interval: 14524ms
  Thread calibration: mean lat.: 4961.356ms, rate sampling interval: 14458ms
  Thread calibration: mean lat.: 4962.324ms, rate sampling interval: 14335ms
  Thread calibration: mean lat.: 4913.260ms, rate sampling interval: 14426ms

-----------------------------------------------------------------------
Test Results @ http://10.111.138.180:8080/wrk2-api/post/compose 
  Thread Stats   Avg      Stdev     99%   +/- Stdev
    Latency    16.35s     4.05s   22.20s    66.82%
    Req/Sec    66.00      0.71    67.00    100.00%
  Latency Distribution (HdrHistogram - Recorded Latency)
 50.000%   17.71s 
 75.000%   19.63s 
 90.000%   20.69s 
 99.000%   22.20s 
 99.900%   23.28s 
 99.990%   23.58s 
 99.999%   23.74s 
100.000%   23.74s 

  Detailed Percentile spectrum:
       Value   Percentile   TotalCount 1/(1-Percentile)

    5578.751     0.000000            1         1.00
    9707.519     0.100000          778         1.11
   12320.767     0.200000         1554         1.25
   14295.039     0.300000         2331         1.43
   16244.735     0.400000         3102         1.67
   17711.103     0.500000         3881         2.00
   18219.007     0.550000         4277         2.22
   18563.071     0.600000         4668         2.50
   18890.751     0.650000         5055         2.86
   19267.583     0.700000         5440         3.33
   19628.031     0.750000         5824         4.00
   19791.871     0.775000         6026         4.44
   19939.327     0.800000         6208         5.00
   20119.551     0.825000         6422         5.71
   20283.391     0.850000         6592         6.67
   20479.999     0.875000         6790         8.00
   20594.687     0.887500         6893         8.89
   20692.991     0.900000         6990        10.00
   20807.679     0.912500         7084        11.43
   20938.751     0.925000         7180        13.33
   21069.823     0.937500         7272        16.00
   21151.743     0.943750         7334        17.78
   21200.895     0.950000         7369        20.00
   21282.815     0.956250         7417        22.86
   21397.503     0.962500         7465        26.67
   21528.575     0.968750         7516        32.00
   21577.727     0.971875         7542        35.56
   21659.647     0.975000         7564        40.00
   21741.567     0.978125         7594        45.71
   21807.103     0.981250         7612        53.33
   21921.791     0.984375         7637        64.00
   21970.943     0.985938         7646        71.11
   22085.631     0.987500         7659        80.00
   22134.783     0.989062         7671        91.43
   22265.855     0.990625         7683       106.67
   22364.159     0.992188         7696       128.00
   22396.927     0.992969         7701       142.22
   22511.615     0.993750         7709       160.00
   22560.767     0.994531         7713       182.86
   22642.687     0.995313         7720       213.33
   22708.223     0.996094         7726       256.00
   22757.375     0.996484         7728       284.44
   22806.527     0.996875         7731       320.00
   22888.447     0.997266         7736       365.71
   22921.215     0.997656         7737       426.67
   22986.751     0.998047         7740       512.00
   23085.055     0.998242         7742       568.89
   23134.207     0.998437         7743       640.00
   23166.975     0.998633         7745       731.43
   23199.743     0.998828         7746       853.33
   23281.663     0.999023         7748      1024.00
   23330.815     0.999121         7749      1137.78
   23330.815     0.999219         7749      1280.00
   23412.735     0.999316         7750      1462.86
   23478.271     0.999414         7751      1706.67
   23494.655     0.999512         7752      2048.00
   23494.655     0.999561         7752      2275.56
   23494.655     0.999609         7752      2560.00
   23527.423     0.999658         7753      2925.71
   23527.423     0.999707         7753      3413.33
   23576.575     0.999756         7754      4096.00
   23576.575     0.999780         7754      4551.11
   23576.575     0.999805         7754      5120.00
   23576.575     0.999829         7754      5851.43
   23576.575     0.999854         7754      6826.67
   23740.415     0.999878         7755      8192.00
   23740.415     1.000000         7755          inf
#[Mean    =    16352.969, StdDeviation   =     4046.586]
#[Max     =    23724.032, Total count    =         7755]
#[Buckets =           27, SubBuckets     =         2048]
-----------------------------------------------------------------------
  9930 requests in 30.00s, 1.81MB read
Requests/sec:    331.00  
Transfer/sec:     61.74KB
