Running 30s test @ http://10.111.138.180:8080/wrk2-api/post/compose
  4 threads and 200 connections

  Thread calibration: mean lat.: 2061.422ms, rate sampling interval: 7454ms
  Thread calibration: mean lat.: 2163.321ms, rate sampling interval: 7331ms
  Thread calibration: mean lat.: 2379.298ms, rate sampling interval: 8089ms
  Thread calibration: mean lat.: 2052.038ms, rate sampling interval: 7200ms

-----------------------------------------------------------------------
Test Results @ http://10.111.138.180:8080/wrk2-api/post/compose 
  Thread Stats   Avg      Stdev     99%   +/- Stdev
    Latency     3.49s     2.70s   10.15s    59.77%
    Req/Sec   100.12     26.27   143.00     87.50%
  Latency Distribution (HdrHistogram - Recorded Latency)
 50.000%    3.35s 
 75.000%    5.42s 
 90.000%    7.20s 
 99.000%   10.15s 
 99.900%   11.93s 
 99.990%   12.80s 
 99.999%   12.95s 
100.000%   12.95s 

  Detailed Percentile spectrum:
       Value   Percentile   TotalCount 1/(1-Percentile)

       7.183     0.000000            1         1.00
      11.039     0.100000          913         1.11
     361.727     0.200000         1825         1.25
    1583.103     0.300000         2738         1.43
    2512.895     0.400000         3650         1.67
    3346.431     0.500000         4565         2.00
    3747.839     0.550000         5019         2.22
    4147.199     0.600000         5475         2.50
    4542.463     0.650000         5932         2.86
    4988.927     0.700000         6390         3.33
    5419.007     0.750000         6847         4.00
    5644.287     0.775000         7072         4.44
    5902.335     0.800000         7304         5.00
    6160.383     0.825000         7530         5.71
    6451.199     0.850000         7756         6.67
    6811.647     0.875000         7985         8.00
    6991.871     0.887500         8099         8.89
    7200.767     0.900000         8215        10.00
    7417.855     0.912500         8327        11.43
    7659.519     0.925000         8440        13.33
    7933.951     0.937500         8554        16.00
    8085.503     0.943750         8613        17.78
    8228.863     0.950000         8668        20.00
    8429.567     0.956250         8728        22.86
    8642.559     0.962500         8783        26.67
    8863.743     0.968750         8839        32.00
    9027.583     0.971875         8870        35.56
    9175.039     0.975000         8898        40.00
    9330.687     0.978125         8926        45.71
    9461.759     0.981250         8953        53.33
    9707.519     0.984375         8984        64.00
    9797.631     0.985938         8996        71.11
    9887.743     0.987500         9010        80.00
   10084.351     0.989062         9026        91.43
   10223.615     0.990625         9039       106.67
   10362.879     0.992188         9053       128.00
   10461.183     0.992969         9061       142.22
   10518.527     0.993750         9067       160.00
   10682.367     0.994531         9075       182.86
   10895.359     0.995313         9083       213.33
   10985.471     0.996094         9090       256.00
   11091.967     0.996484         9092       284.44
   11206.655     0.996875         9096       320.00
   11378.687     0.997266         9100       365.71
   11550.719     0.997656         9103       426.67
   11706.367     0.998047         9107       512.00
   11722.751     0.998242         9108       568.89
   11796.479     0.998437         9110       640.00
   11862.015     0.998633         9112       731.43
   11894.783     0.998828         9114       853.33
   11976.703     0.999023         9116      1024.00
   11976.703     0.999121         9116      1137.78
   12148.735     0.999219         9117      1280.00
   12181.503     0.999316         9118      1462.86
   12214.271     0.999414         9119      1706.67
   12296.191     0.999512         9120      2048.00
   12296.191     0.999561         9120      2275.56
   12369.919     0.999609         9121      2560.00
   12369.919     0.999658         9121      2925.71
   12378.111     0.999707         9122      3413.33
   12378.111     0.999756         9122      4096.00
   12378.111     0.999780         9122      4551.11
   12804.095     0.999805         9123      5120.00
   12804.095     0.999829         9123      5851.43
   12804.095     0.999854         9123      6826.67
   12804.095     0.999878         9123      8192.00
   12804.095     0.999890         9123      9102.22
   12951.551     0.999902         9124     10240.00
   12951.551     1.000000         9124          inf
#[Mean    =     3490.142, StdDeviation   =     2704.275]
#[Max     =    12943.360, Total count    =         9124]
#[Buckets =           27, SubBuckets     =         2048]
-----------------------------------------------------------------------
  11873 requests in 30.01s, 2.16MB read
  Socket errors: connect 0, read 0, write 0, timeout 56
Requests/sec:    395.69  
Transfer/sec:     73.81KB
