Running 30s test @ http://10.111.138.180:8080/wrk2-api/post/compose
  4 threads and 200 connections

  Thread calibration: mean lat.: 3582.358ms, rate sampling interval: 10829ms
  Thread calibration: mean lat.: 3570.624ms, rate sampling interval: 10461ms
  Thread calibration: mean lat.: 3508.024ms, rate sampling interval: 10428ms
  Thread calibration: mean lat.: 3673.566ms, rate sampling interval: 10862ms

-----------------------------------------------------------------------
Test Results @ http://10.111.138.180:8080/wrk2-api/post/compose 
  Thread Stats   Avg      Stdev     99%   +/- Stdev
    Latency     7.73s     2.72s   13.29s    67.22%
    Req/Sec    71.25      0.43    72.00    100.00%
  Latency Distribution (HdrHistogram - Recorded Latency)
 50.000%    7.80s 
 75.000%    9.67s 
 90.000%   11.28s 
 99.000%   13.29s 
 99.900%   14.46s 
 99.990%   15.36s 
 99.999%   15.42s 
100.000%   15.42s 

  Detailed Percentile spectrum:
       Value   Percentile   TotalCount 1/(1-Percentile)

     203.775     0.000000            1         1.00
    4173.823     0.100000         1005         1.11
    5459.967     0.200000         2006         1.25
    6328.319     0.300000         3011         1.43
    7086.079     0.400000         4018         1.67
    7802.879     0.500000         5017         2.00
    8187.903     0.550000         5524         2.22
    8536.063     0.600000         6028         2.50
    8880.127     0.650000         6532         2.86
    9281.535     0.700000         7028         3.33
    9674.751     0.750000         7522         4.00
    9887.743     0.775000         7780         4.44
   10117.119     0.800000         8024         5.00
   10387.455     0.825000         8281         5.71
   10674.175     0.850000         8529         6.67
   10969.087     0.875000         8774         8.00
   11116.543     0.887500         8900         8.89
   11280.383     0.900000         9027        10.00
   11460.607     0.912500         9156        11.43
   11632.639     0.925000         9279        13.33
   11812.863     0.937500         9406        16.00
   11911.167     0.943750         9463        17.78
   12034.047     0.950000         9530        20.00
   12148.735     0.956250         9590        22.86
   12304.383     0.962500         9652        26.67
   12509.183     0.968750         9714        32.00
   12599.295     0.971875         9745        35.56
   12722.175     0.975000         9777        40.00
   12845.055     0.978125         9810        45.71
   12935.167     0.981250         9839        53.33
   13049.855     0.984375         9871        64.00
   13123.583     0.985938         9887        71.11
   13172.735     0.987500         9902        80.00
   13246.463     0.989062         9918        91.43
   13303.807     0.990625         9933       106.67
   13410.303     0.992188         9950       128.00
   13443.071     0.992969         9959       142.22
   13508.607     0.993750         9966       160.00
   13533.183     0.994531         9973       182.86
   13631.487     0.995313         9980       213.33
   13688.831     0.996094         9988       256.00
   13737.983     0.996484         9992       284.44
   13828.095     0.996875         9996       320.00
   13877.247     0.997266        10000       365.71
   13967.359     0.997656        10005       426.67
   14139.391     0.998047        10008       512.00
   14262.271     0.998242        10010       568.89
   14360.575     0.998437        10013       640.00
   14368.767     0.998633        10014       731.43
   14442.495     0.998828        10016       853.33
   14540.799     0.999023        10018      1024.00
   14589.951     0.999121        10019      1137.78
   14647.295     0.999219        10020      1280.00
   14663.679     0.999316        10021      1462.86
   14696.447     0.999414        10022      1706.67
   14925.823     0.999512        10023      2048.00
   14925.823     0.999561        10023      2275.56
   15065.087     0.999609        10024      2560.00
   15065.087     0.999658        10024      2925.71
   15220.735     0.999707        10025      3413.33
   15220.735     0.999756        10025      4096.00
   15220.735     0.999780        10025      4551.11
   15359.999     0.999805        10026      5120.00
   15359.999     0.999829        10026      5851.43
   15359.999     0.999854        10026      6826.67
   15359.999     0.999878        10026      8192.00
   15359.999     0.999890        10026      9102.22
   15417.343     0.999902        10027     10240.00
   15417.343     1.000000        10027          inf
#[Mean    =     7732.298, StdDeviation   =     2719.458]
#[Max     =    15409.152, Total count    =        10027]
#[Buckets =           27, SubBuckets     =         2048]
-----------------------------------------------------------------------
  12442 requests in 30.01s, 2.27MB read
  Socket errors: connect 0, read 0, write 0, timeout 20
Requests/sec:    414.57  
Transfer/sec:     77.33KB
