Running 30s test @ http://10.111.138.180:8080/wrk2-api/home-timeline/read
  4 threads and 200 connections

  Thread calibration: mean lat.: 1.284ms, rate sampling interval: 10ms
  Thread calibration: mean lat.: 1.212ms, rate sampling interval: 10ms
  Thread calibration: mean lat.: 1.260ms, rate sampling interval: 10ms
  Thread calibration: mean lat.: 1.388ms, rate sampling interval: 10ms

-----------------------------------------------------------------------
Test Results @ http://10.111.138.180:8080/wrk2-api/home-timeline/read 
  Thread Stats   Avg      Stdev     99%   +/- Stdev
    Latency     1.21ms  183.37us   1.68ms   76.59%
    Req/Sec   131.48    118.50   500.00     57.69%
  Latency Distribution (HdrHistogram - Recorded Latency)
 50.000%    1.20ms
 75.000%    1.30ms
 90.000%    1.42ms
 99.000%    1.68ms
 99.900%    3.09ms
 99.990%    3.81ms
 99.999%    4.06ms
100.000%    4.06ms

  Detailed Percentile spectrum:
       Value   Percentile   TotalCount 1/(1-Percentile)

       0.688     0.000000            1         1.00
       1.021     0.100000         1006         1.11
       1.079     0.200000         2005         1.25
       1.122     0.300000         2993         1.43
       1.159     0.400000         3990         1.67
       1.195     0.500000         4999         2.00
       1.213     0.550000         5488         2.22
       1.233     0.600000         5992         2.50
       1.254     0.650000         6487         2.86
       1.276     0.700000         6985         3.33
       1.304     0.750000         7479         4.00
       1.319     0.775000         7725         4.44
       1.336     0.800000         7972         5.00
       1.354     0.825000         8217         5.71
       1.372     0.850000         8472         6.67
       1.394     0.875000         8724         8.00
       1.406     0.887500         8841         8.89
       1.419     0.900000         8970        10.00
       1.434     0.912500         9094        11.43
       1.449     0.925000         9219        13.33
       1.467     0.937500         9340        16.00
       1.478     0.943750         9406        17.78
       1.491     0.950000         9466        20.00
       1.504     0.956250         9526        22.86
       1.517     0.962500         9589        26.67
       1.538     0.968750         9651        32.00
       1.550     0.971875         9680        35.56
       1.561     0.975000         9711        40.00
       1.578     0.978125         9742        45.71
       1.593     0.981250         9773        53.33
       1.617     0.984375         9806        64.00
       1.627     0.985938         9819        71.11
       1.643     0.987500         9835        80.00
       1.664     0.989062         9852        91.43
       1.694     0.990625         9866       106.67
       1.735     0.992188         9882       128.00
       1.754     0.992969         9889       142.22
       1.779     0.993750         9897       160.00
       1.812     0.994531         9905       182.86
       1.884     0.995313         9913       213.33
       2.009     0.996094         9921       256.00
       2.053     0.996484         9924       284.44
       2.161     0.996875         9928       320.00
       2.217     0.997266         9932       365.71
       2.249     0.997656         9936       426.67
       2.313     0.998047         9940       512.00
       2.405     0.998242         9942       568.89
       2.627     0.998437         9944       640.00
       2.735     0.998633         9946       731.43
       2.955     0.998828         9948       853.33
       3.095     0.999023         9950      1024.00
       3.215     0.999121         9951      1137.78
       3.221     0.999219         9952      1280.00
       3.229     0.999316         9953      1462.86
       3.385     0.999414         9954      1706.67
       3.459     0.999512         9955      2048.00
       3.459     0.999561         9955      2275.56
       3.569     0.999609         9956      2560.00
       3.569     0.999658         9956      2925.71
       3.727     0.999707         9957      3413.33
       3.727     0.999756         9957      4096.00
       3.727     0.999780         9957      4551.11
       3.813     0.999805         9958      5120.00
       3.813     0.999829         9958      5851.43
       3.813     0.999854         9958      6826.67
       3.813     0.999878         9958      8192.00
       3.813     0.999890         9958      9102.22
       4.061     0.999902         9959     10240.00
       4.061     1.000000         9959          inf
#[Mean    =        1.214, StdDeviation   =        0.183]
#[Max     =        4.060, Total count    =         9959]
#[Buckets =           27, SubBuckets     =         2048]
-----------------------------------------------------------------------
  14836 requests in 30.02s, 2.48MB read
  Socket errors: connect 0, read 0, write 0, timeout 25
Requests/sec:    494.16  
Transfer/sec:     84.45KB
