Running 30s test @ http://10.111.138.180:8080/wrk2-api/home-timeline/read
  4 threads and 200 connections

  Thread calibration: mean lat.: 1.632ms, rate sampling interval: 10ms
  Thread calibration: mean lat.: 1.429ms, rate sampling interval: 10ms
  Thread calibration: mean lat.: 1.478ms, rate sampling interval: 10ms
  Thread calibration: mean lat.: 1.389ms, rate sampling interval: 10ms

-----------------------------------------------------------------------
Test Results @ http://10.111.138.180:8080/wrk2-api/home-timeline/read 
  Thread Stats   Avg      Stdev     99%   +/- Stdev
    Latency     1.20ms  195.06us   1.73ms   77.38%
    Req/Sec   156.98    129.92   555.00     58.76%
  Latency Distribution (HdrHistogram - Recorded Latency)
 50.000%    1.18ms
 75.000%    1.30ms
 90.000%    1.42ms
 99.000%    1.73ms
 99.900%    3.15ms
 99.990%    3.81ms
 99.999%    3.86ms
100.000%    3.86ms

  Detailed Percentile spectrum:
       Value   Percentile   TotalCount 1/(1-Percentile)

       0.781     0.000000            1         1.00
       1.000     0.100000         1197         1.11
       1.058     0.200000         2394         1.25
       1.105     0.300000         3577         1.43
       1.143     0.400000         4753         1.67
       1.180     0.500000         5966         2.00
       1.198     0.550000         6537         2.22
       1.220     0.600000         7151         2.50
       1.242     0.650000         7735         2.86
       1.268     0.700000         8326         3.33
       1.296     0.750000         8913         4.00
       1.311     0.775000         9206         4.44
       1.329     0.800000         9514         5.00
       1.347     0.825000         9802         5.71
       1.367     0.850000        10102         6.67
       1.390     0.875000        10399         8.00
       1.404     0.887500        10547         8.89
       1.419     0.900000        10696        10.00
       1.435     0.912500        10846        11.43
       1.454     0.925000        10998        13.33
       1.476     0.937500        11137        16.00
       1.489     0.943750        11218        17.78
       1.501     0.950000        11286        20.00
       1.514     0.956250        11364        22.86
       1.531     0.962500        11432        26.67
       1.551     0.968750        11507        32.00
       1.568     0.971875        11544        35.56
       1.590     0.975000        11582        40.00
       1.608     0.978125        11618        45.71
       1.628     0.981250        11657        53.33
       1.656     0.984375        11693        64.00
       1.675     0.985938        11712        71.11
       1.693     0.987500        11731        80.00
       1.712     0.989062        11748        91.43
       1.740     0.990625        11766       106.67
       1.797     0.992188        11785       128.00
       1.835     0.992969        11794       142.22
       1.881     0.993750        11803       160.00
       1.941     0.994531        11813       182.86
       2.053     0.995313        11822       213.33
       2.121     0.996094        11831       256.00
       2.165     0.996484        11836       284.44
       2.259     0.996875        11840       320.00
       2.295     0.997266        11845       365.71
       2.369     0.997656        11850       426.67
       2.439     0.998047        11854       512.00
       2.539     0.998242        11857       568.89
       2.621     0.998437        11859       640.00
       2.957     0.998633        11861       731.43
       3.075     0.998828        11864       853.33
       3.241     0.999023        11866      1024.00
       3.321     0.999121        11867      1137.78
       3.351     0.999219        11868      1280.00
       3.407     0.999316        11869      1462.86
       3.443     0.999414        11871      1706.67
       3.449     0.999512        11872      2048.00
       3.449     0.999561        11872      2275.56
       3.457     0.999609        11873      2560.00
       3.457     0.999658        11873      2925.71
       3.493     0.999707        11874      3413.33
       3.779     0.999756        11875      4096.00
       3.779     0.999780        11875      4551.11
       3.779     0.999805        11875      5120.00
       3.779     0.999829        11875      5851.43
       3.807     0.999854        11876      6826.67
       3.807     0.999878        11876      8192.00
       3.807     0.999890        11876      9102.22
       3.807     0.999902        11876     10240.00
       3.807     0.999915        11876     11702.86
       3.859     0.999927        11877     13653.33
       3.859     1.000000        11877          inf
#[Mean    =        1.203, StdDeviation   =        0.195]
#[Max     =        3.858, Total count    =        11877]
#[Buckets =           27, SubBuckets     =         2048]
-----------------------------------------------------------------------
  17863 requests in 30.01s, 2.98MB read
  Socket errors: connect 0, read 0, write 0, timeout 6
Requests/sec:    595.27  
Transfer/sec:    101.73KB
