Running 30s test @ http://10.111.138.180:8080/wrk2-api/post/compose
  4 threads and 200 connections

  Thread calibration: mean lat.: 3728.060ms, rate sampling interval: 11599ms
  Thread calibration: mean lat.: 3770.844ms, rate sampling interval: 11640ms
  Thread calibration: mean lat.: 3881.581ms, rate sampling interval: 12165ms
  Thread calibration: mean lat.: 3781.321ms, rate sampling interval: 11763ms

-----------------------------------------------------------------------
Test Results @ http://10.111.138.180:8080/wrk2-api/post/compose 
  Thread Stats   Avg      Stdev     99%   +/- Stdev
    Latency    10.67s     2.76s   16.62s    66.24%
    Req/Sec    74.75      0.43    75.00    100.00%
  Latency Distribution (HdrHistogram - Recorded Latency)
 50.000%   10.84s 
 75.000%   12.65s 
 90.000%   14.15s 
 99.000%   16.62s 
 99.900%   17.86s 
 99.990%   18.12s 
 99.999%   18.17s 
100.000%   18.17s 

  Detailed Percentile spectrum:
       Value   Percentile   TotalCount 1/(1-Percentile)

     546.303     0.000000            1         1.00
    6946.815     0.100000          925         1.11
    8212.479     0.200000         1850         1.25
    9150.463     0.300000         2772         1.43
   10027.007     0.400000         3703         1.67
   10838.015     0.500000         4617         2.00
   11190.271     0.550000         5087         2.22
   11517.951     0.600000         5547         2.50
   11894.783     0.650000         6002         2.86
   12255.231     0.700000         6470         3.33
   12648.447     0.750000         6926         4.00
   12861.439     0.775000         7160         4.44
   13107.199     0.800000         7385         5.00
   13328.383     0.825000         7623         5.71
   13582.335     0.850000         7856         6.67
   13852.671     0.875000         8083         8.00
   13983.743     0.887500         8194         8.89
   14147.583     0.900000         8311        10.00
   14311.423     0.912500         8426        11.43
   14516.223     0.925000         8541        13.33
   14778.367     0.937500         8657        16.00
   14884.863     0.943750         8713        17.78
   15040.511     0.950000         8772        20.00
   15204.351     0.956250         8831        22.86
   15343.615     0.962500         8885        26.67
   15540.223     0.968750         8943        32.00
   15695.871     0.971875         8973        35.56
   15851.519     0.975000         9001        40.00
   16007.167     0.978125         9032        45.71
   16171.007     0.981250         9058        53.33
   16310.271     0.984375         9087        64.00
   16416.767     0.985938         9102        71.11
   16490.495     0.987500         9116        80.00
   16564.223     0.989062         9132        91.43
   16662.527     0.990625         9145       106.67
   16728.063     0.992188         9159       128.00
   16809.983     0.992969         9168       142.22
   16924.671     0.993750         9175       160.00
   17022.975     0.994531         9183       182.86
   17121.279     0.995313         9188       213.33
   17334.271     0.996094         9195       256.00
   17465.343     0.996484         9199       284.44
   17498.111     0.996875         9203       320.00
   17563.647     0.997266         9206       365.71
   17694.719     0.997656         9210       426.67
   17727.487     0.998047         9214       512.00
   17743.871     0.998242         9215       568.89
   17776.639     0.998437         9217       640.00
   17793.023     0.998633         9219       731.43
   17842.175     0.998828         9221       853.33
   17858.559     0.999023         9222      1024.00
   17973.247     0.999121         9224      1137.78
   17973.247     0.999219         9224      1280.00
   17989.631     0.999316         9226      1462.86
   17989.631     0.999414         9226      1706.67
   18006.015     0.999512         9227      2048.00
   18006.015     0.999561         9227      2275.56
   18022.399     0.999609         9228      2560.00
   18022.399     0.999658         9228      2925.71
   18038.783     0.999707         9229      3413.33
   18038.783     0.999756         9229      4096.00
   18038.783     0.999780         9229      4551.11
   18120.703     0.999805         9230      5120.00
   18120.703     0.999829         9230      5851.43
   18120.703     0.999854         9230      6826.67
   18120.703     0.999878         9230      8192.00
   18120.703     0.999890         9230      9102.22
   18169.855     0.999902         9231     10240.00
   18169.855     1.000000         9231          inf
#[Mean    =    10672.470, StdDeviation   =     2758.238]
#[Max     =    18153.472, Total count    =         9231]
#[Buckets =           27, SubBuckets     =         2048]
-----------------------------------------------------------------------
  11606 requests in 30.00s, 2.11MB read
  Socket errors: connect 0, read 0, write 0, timeout 5
Requests/sec:    386.88  
Transfer/sec:     72.16KB
