Running 30s test @ http://10.111.138.180:8080/wrk2-api/home-timeline/read
  4 threads and 200 connections

  Thread calibration: mean lat.: 1.551ms, rate sampling interval: 10ms
  Thread calibration: mean lat.: 1.547ms, rate sampling interval: 10ms
  Thread calibration: mean lat.: 1.519ms, rate sampling interval: 10ms
  Thread calibration: mean lat.: 1.504ms, rate sampling interval: 10ms

-----------------------------------------------------------------------
Test Results @ http://10.111.138.180:8080/wrk2-api/home-timeline/read 
  Thread Stats   Avg      Stdev     99%   +/- Stdev
    Latency     1.20ms  204.41us   1.77ms   78.40%
    Req/Sec   181.97    140.84   600.00     64.83%
  Latency Distribution (HdrHistogram - Recorded Latency)
 50.000%    1.17ms
 75.000%    1.29ms
 90.000%    1.42ms
 99.000%    1.77ms
 99.900%    3.08ms
 99.990%    4.23ms
 99.999%    4.41ms
100.000%    4.41ms

  Detailed Percentile spectrum:
       Value   Percentile   TotalCount 1/(1-Percentile)

       0.739     0.000000            1         1.00
       0.989     0.100000         1378         1.11
       1.048     0.200000         2753         1.25
       1.093     0.300000         4162         1.43
       1.130     0.400000         5503         1.67
       1.168     0.500000         6889         2.00
       1.189     0.550000         7589         2.22
       1.209     0.600000         8256         2.50
       1.232     0.650000         8945         2.86
       1.259     0.700000         9640         3.33
       1.288     0.750000        10318         4.00
       1.305     0.775000        10678         4.44
       1.322     0.800000        11016         5.00
       1.343     0.825000        11369         5.71
       1.364     0.850000        11700         6.67
       1.388     0.875000        12043         8.00
       1.404     0.887500        12226         8.89
       1.419     0.900000        12386        10.00
       1.437     0.912500        12560        11.43
       1.456     0.925000        12729        13.33
       1.480     0.937500        12902        16.00
       1.493     0.943750        12989        17.78
       1.509     0.950000        13073        20.00
       1.522     0.956250        13156        22.86
       1.545     0.962500        13244        26.67
       1.571     0.968750        13332        32.00
       1.584     0.971875        13371        35.56
       1.600     0.975000        13414        40.00
       1.623     0.978125        13457        45.71
       1.646     0.981250        13500        53.33
       1.683     0.984375        13543        64.00
       1.708     0.985938        13564        71.11
       1.728     0.987500        13587        80.00
       1.756     0.989062        13608        91.43
       1.788     0.990625        13630       106.67
       1.856     0.992188        13650       128.00
       1.894     0.992969        13661       142.22
       1.939     0.993750        13672       160.00
       1.977     0.994531        13682       182.86
       2.037     0.995313        13693       213.33
       2.145     0.996094        13704       256.00
       2.239     0.996484        13709       284.44
       2.325     0.996875        13715       320.00
       2.415     0.997266        13720       365.71
       2.515     0.997656        13725       426.67
       2.617     0.998047        13731       512.00
       2.709     0.998242        13733       568.89
       2.759     0.998437        13736       640.00
       2.831     0.998633        13740       731.43
       2.995     0.998828        13741       853.33
       3.151     0.999023        13744      1024.00
       3.305     0.999121        13745      1137.78
       3.425     0.999219        13747      1280.00
       3.459     0.999316        13748      1462.86
       3.507     0.999414        13749      1706.67
       3.775     0.999512        13751      2048.00
       3.775     0.999561        13751      2275.56
       3.793     0.999609        13752      2560.00
       3.803     0.999658        13753      2925.71
       3.803     0.999707        13753      3413.33
       3.927     0.999756        13754      4096.00
       3.927     0.999780        13754      4551.11
       3.953     0.999805        13755      5120.00
       3.953     0.999829        13755      5851.43
       3.953     0.999854        13755      6826.67
       4.227     0.999878        13756      8192.00
       4.227     0.999890        13756      9102.22
       4.227     0.999902        13756     10240.00
       4.227     0.999915        13756     11702.86
       4.227     0.999927        13756     13653.33
       4.411     0.999939        13757     16384.00
       4.411     1.000000        13757          inf
#[Mean    =        1.195, StdDeviation   =        0.204]
#[Max     =        4.408, Total count    =        13757]
#[Buckets =           27, SubBuckets     =         2048]
-----------------------------------------------------------------------
  20736 requests in 30.00s, 3.46MB read
  Socket errors: connect 0, read 0, write 0, timeout 2
Requests/sec:    691.22  
Transfer/sec:    118.13KB
