Running 30s test @ http://10.111.138.180:8080/wrk2-api/post/compose
  4 threads and 200 connections

  Thread calibration: mean lat.: 4720.829ms, rate sampling interval: 13721ms
  Thread calibration: mean lat.: 4565.933ms, rate sampling interval: 13680ms
  Thread calibration: mean lat.: 4691.439ms, rate sampling interval: 13615ms
  Thread calibration: mean lat.: 4687.682ms, rate sampling interval: 13565ms

-----------------------------------------------------------------------
Test Results @ http://10.111.138.180:8080/wrk2-api/post/compose 
  Thread Stats   Avg      Stdev     99%   +/- Stdev
    Latency    12.81s     2.83s   17.92s    65.49%
    Req/Sec    70.00      0.00    70.00    100.00%
  Latency Distribution (HdrHistogram - Recorded Latency)
 50.000%   13.30s 
 75.000%   14.89s 
 90.000%   16.18s 
 99.000%   17.92s 
 99.900%   19.17s 
 99.990%   19.58s 
 99.999%   19.74s 
100.000%   19.74s 

  Detailed Percentile spectrum:
       Value   Percentile   TotalCount 1/(1-Percentile)

    3983.359     0.000000            1         1.00
    8667.135     0.100000          927         1.11
   10166.271     0.200000         1848         1.25
   11436.031     0.300000         2777         1.43
   12533.759     0.400000         3700         1.67
   13295.615     0.500000         4628         2.00
   13606.911     0.550000         5088         2.22
   13926.399     0.600000         5558         2.50
   14262.271     0.650000         6011         2.86
   14581.759     0.700000         6480         3.33
   14893.055     0.750000         6934         4.00
   15081.471     0.775000         7174         4.44
   15245.311     0.800000         7394         5.00
   15458.303     0.825000         7627         5.71
   15704.063     0.850000         7856         6.67
   15941.631     0.875000         8086         8.00
   16072.703     0.887500         8205         8.89
   16179.199     0.900000         8316        10.00
   16351.231     0.912500         8435        11.43
   16531.455     0.925000         8550        13.33
   16736.255     0.937500         8663        16.00
   16826.367     0.943750         8725        17.78
   16924.671     0.950000         8787        20.00
   17022.975     0.956250         8843        22.86
   17104.895     0.962500         8902        26.67
   17203.199     0.968750         8953        32.00
   17285.119     0.971875         8987        35.56
   17334.271     0.975000         9010        40.00
   17416.191     0.978125         9038        45.71
   17530.879     0.981250         9073        53.33
   17645.567     0.984375         9099        64.00
   17711.103     0.985938         9116        71.11
   17776.639     0.987500         9127        80.00
   17842.175     0.989062         9141        91.43
   17940.479     0.990625         9155       106.67
   18071.551     0.992188         9169       128.00
   18169.855     0.992969         9179       142.22
   18202.623     0.993750         9185       160.00
   18333.695     0.994531         9190       182.86
   18431.999     0.995313         9198       213.33
   18530.303     0.996094         9204       256.00
   18661.375     0.996484         9209       284.44
   18694.143     0.996875         9213       320.00
   18759.679     0.997266         9216       365.71
   18825.215     0.997656         9220       426.67
   18874.367     0.998047         9222       512.00
   18907.135     0.998242         9224       568.89
   19021.823     0.998437         9226       640.00
   19054.591     0.998633         9228       731.43
   19169.279     0.998828         9231       853.33
   19169.279     0.999023         9231      1024.00
   19251.199     0.999121         9232      1137.78
   19283.967     0.999219         9233      1280.00
   19333.119     0.999316         9234      1462.86
   19382.271     0.999414         9235      1706.67
   19480.575     0.999512         9236      2048.00
   19480.575     0.999561         9236      2275.56
   19546.111     0.999609         9237      2560.00
   19546.111     0.999658         9237      2925.71
   19562.495     0.999707         9238      3413.33
   19562.495     0.999756         9238      4096.00
   19562.495     0.999780         9238      4551.11
   19578.879     0.999805         9239      5120.00
   19578.879     0.999829         9239      5851.43
   19578.879     0.999854         9239      6826.67
   19578.879     0.999878         9239      8192.00
   19578.879     0.999890         9239      9102.22
   19742.719     0.999902         9240     10240.00
   19742.719     1.000000         9240          inf
#[Mean    =    12813.685, StdDeviation   =     2826.068]
#[Max     =    19726.336, Total count    =         9240]
#[Buckets =           27, SubBuckets     =         2048]
-----------------------------------------------------------------------
  11436 requests in 30.00s, 2.08MB read
  Socket errors: connect 0, read 0, write 0, timeout 3
Requests/sec:    381.14  
Transfer/sec:     71.09KB
