Running 30s test @ http://10.111.138.180:8080/wrk2-api/post/compose
  4 threads and 200 connections

  Thread calibration: mean lat.: 4623.571ms, rate sampling interval: 13893ms
  Thread calibration: mean lat.: 4769.511ms, rate sampling interval: 13647ms
  Thread calibration: mean lat.: 4632.052ms, rate sampling interval: 13737ms
  Thread calibration: mean lat.: 4772.767ms, rate sampling interval: 13901ms

-----------------------------------------------------------------------
Test Results @ http://10.111.138.180:8080/wrk2-api/post/compose 
  Thread Stats   Avg      Stdev     99%   +/- Stdev
    Latency    14.29s     3.05s   19.37s    67.51%
    Req/Sec    65.75      0.83    67.00    100.00%
  Latency Distribution (HdrHistogram - Recorded Latency)
 50.000%   14.85s 
 75.000%   16.56s 
 90.000%   17.76s 
 99.000%   19.37s 
 99.900%   20.10s 
 99.990%   20.55s 
 99.999%   20.56s 
100.000%   20.56s 

  Detailed Percentile spectrum:
       Value   Percentile   TotalCount 1/(1-Percentile)

    3622.911     0.000000            1         1.00
    9609.215     0.100000          896         1.11
   11862.015     0.200000         1789         1.25
   13246.463     0.300000         2686         1.43
   14147.583     0.400000         3576         1.67
   14852.095     0.500000         4472         2.00
   15179.775     0.550000         4914         2.22
   15474.687     0.600000         5365         2.50
   15810.559     0.650000         5808         2.86
   16179.199     0.700000         6254         3.33
   16564.223     0.750000         6697         4.00
   16777.215     0.775000         6925         4.44
   16973.823     0.800000         7145         5.00
   17170.431     0.825000         7378         5.71
   17399.807     0.850000         7603         6.67
   17596.415     0.875000         7822         8.00
   17678.335     0.887500         7945         8.89
   17760.255     0.900000         8041        10.00
   17874.943     0.912500         8161        11.43
   17989.631     0.925000         8265        13.33
   18120.703     0.937500         8374        16.00
   18202.623     0.943750         8432        17.78
   18300.927     0.950000         8483        20.00
   18415.615     0.956250         8540        22.86
   18563.071     0.962500         8600        26.67
   18710.527     0.968750         8653        32.00
   18776.063     0.971875         8680        35.56
   18841.599     0.975000         8707        40.00
   18923.519     0.978125         8734        45.71
   19005.439     0.981250         8764        53.33
   19120.127     0.984375         8791        64.00
   19185.663     0.985938         8804        71.11
   19267.583     0.987500         8818        80.00
   19316.735     0.989062         8834        91.43
   19382.271     0.990625         8847       106.67
   19480.575     0.992188         8863       128.00
   19529.727     0.992969         8867       142.22
   19578.879     0.993750         8879       160.00
   19611.647     0.994531         8882       182.86
   19660.799     0.995313         8890       213.33
   19726.335     0.996094         8895       256.00
   19775.487     0.996484         8899       284.44
   19808.255     0.996875         8902       320.00
   19841.023     0.997266         8905       365.71
   19890.175     0.997656         8909       426.67
   19906.559     0.998047         8912       512.00
   19955.711     0.998242         8916       568.89
   19955.711     0.998437         8916       640.00
   19988.479     0.998633         8918       731.43
   20037.631     0.998828         8919       853.33
   20168.703     0.999023         8922      1024.00
   20168.703     0.999121         8922      1137.78
   20201.471     0.999219         8923      1280.00
   20201.471     0.999316         8923      1462.86
   20250.623     0.999414         8925      1706.67
   20250.623     0.999512         8925      2048.00
   20332.543     0.999561         8926      2275.56
   20332.543     0.999609         8926      2560.00
   20332.543     0.999658         8926      2925.71
   20398.079     0.999707         8927      3413.33
   20398.079     0.999756         8927      4096.00
   20545.535     0.999780         8928      4551.11
   20545.535     0.999805         8928      5120.00
   20545.535     0.999829         8928      5851.43
   20545.535     0.999854         8928      6826.67
   20545.535     0.999878         8928      8192.00
   20561.919     0.999890         8929      9102.22
   20561.919     1.000000         8929          inf
#[Mean    =    14293.976, StdDeviation   =     3052.568]
#[Max     =    20545.536, Total count    =         8929]
#[Buckets =           27, SubBuckets     =         2048]
-----------------------------------------------------------------------
  11293 requests in 30.01s, 2.06MB read
Requests/sec:    376.31  
Transfer/sec:     70.19KB
