Running 30s test @ http://10.111.138.180:8080/wrk2-api/home-timeline/read
  4 threads and 200 connections

  Thread calibration: mean lat.: 1.496ms, rate sampling interval: 10ms
  Thread calibration: mean lat.: 1.412ms, rate sampling interval: 10ms
  Thread calibration: mean lat.: 1.362ms, rate sampling interval: 10ms
  Thread calibration: mean lat.: 1.488ms, rate sampling interval: 10ms

-----------------------------------------------------------------------
Test Results @ http://10.111.138.180:8080/wrk2-api/home-timeline/read 
  Thread Stats   Avg      Stdev     99%   +/- Stdev
    Latency     1.18ms  206.58us   1.79ms   78.55%
    Req/Sec   209.67    150.40   666.00     71.75%
  Latency Distribution (HdrHistogram - Recorded Latency)
 50.000%    1.15ms
 75.000%    1.27ms
 90.000%    1.41ms
 99.000%    1.79ms
 99.900%    3.06ms
 99.990%    4.38ms
 99.999%    4.58ms
100.000%    4.58ms

  Detailed Percentile spectrum:
       Value   Percentile   TotalCount 1/(1-Percentile)

       0.732     0.000000            1         1.00
       0.973     0.100000         1598         1.11
       1.031     0.200000         3181         1.25
       1.075     0.300000         4769         1.43
       1.114     0.400000         6397         1.67
       1.152     0.500000         7969         2.00
       1.172     0.550000         8763         2.22
       1.192     0.600000         9542         2.50
       1.214     0.650000        10353         2.86
       1.238     0.700000        11136         3.33
       1.268     0.750000        11923         4.00
       1.285     0.775000        12318         4.44
       1.305     0.800000        12724         5.00
       1.326     0.825000        13112         5.71
       1.350     0.850000        13507         6.67
       1.377     0.875000        13909         8.00
       1.391     0.887500        14105         8.89
       1.406     0.900000        14297        10.00
       1.426     0.912500        14504        11.43
       1.446     0.925000        14696        13.33
       1.471     0.937500        14894        16.00
       1.484     0.943750        14995        17.78
       1.501     0.950000        15094        20.00
       1.519     0.956250        15192        22.86
       1.539     0.962500        15290        26.67
       1.562     0.968750        15391        32.00
       1.576     0.971875        15441        35.56
       1.591     0.975000        15488        40.00
       1.605     0.978125        15537        45.71
       1.626     0.981250        15588        53.33
       1.666     0.984375        15636        64.00
       1.688     0.985938        15662        71.11
       1.717     0.987500        15688        80.00
       1.756     0.989062        15711        91.43
       1.811     0.990625        15736       106.67
       1.849     0.992188        15760       128.00
       1.893     0.992969        15773       142.22
       1.931     0.993750        15785       160.00
       1.976     0.994531        15799       182.86
       2.075     0.995313        15810       213.33
       2.183     0.996094        15822       256.00
       2.233     0.996484        15829       284.44
       2.281     0.996875        15835       320.00
       2.465     0.997266        15841       365.71
       2.501     0.997656        15848       426.67
       2.693     0.998047        15853       512.00
       2.789     0.998242        15857       568.89
       2.917     0.998437        15860       640.00
       3.015     0.998633        15863       731.43
       3.031     0.998828        15867       853.33
       3.061     0.999023        15869      1024.00
       3.201     0.999121        15871      1137.78
       3.301     0.999219        15872      1280.00
       3.349     0.999316        15874      1462.86
       3.443     0.999414        15875      1706.67
       3.505     0.999512        15877      2048.00
       3.563     0.999561        15878      2275.56
       3.563     0.999609        15878      2560.00
       3.671     0.999658        15879      2925.71
       4.107     0.999707        15880      3413.33
       4.147     0.999756        15881      4096.00
       4.147     0.999780        15881      4551.11
       4.147     0.999805        15881      5120.00
       4.375     0.999829        15882      5851.43
       4.375     0.999854        15882      6826.67
       4.439     0.999878        15883      8192.00
       4.439     0.999890        15883      9102.22
       4.439     0.999902        15883     10240.00
       4.439     0.999915        15883     11702.86
       4.439     0.999927        15883     13653.33
       4.583     0.999939        15884     16384.00
       4.583     1.000000        15884          inf
#[Mean    =        1.180, StdDeviation   =        0.207]
#[Max     =        4.580, Total count    =        15884]
#[Buckets =           27, SubBuckets     =         2048]
-----------------------------------------------------------------------
  23867 requests in 30.03s, 3.98MB read
  Socket errors: connect 0, read 0, write 0, timeout 1
Requests/sec:    794.85  
Transfer/sec:    135.84KB
