Running 30s test @ http://10.111.138.180:8080/wrk2-api/post/compose
  4 threads and 200 connections

  Thread calibration: mean lat.: 4724.643ms, rate sampling interval: 14098ms
  Thread calibration: mean lat.: 4860.734ms, rate sampling interval: 14155ms
  Thread calibration: mean lat.: 4628.398ms, rate sampling interval: 13672ms
  Thread calibration: mean lat.: 4684.832ms, rate sampling interval: 13967ms

-----------------------------------------------------------------------
Test Results @ http://10.111.138.180:8080/wrk2-api/post/compose 
  Thread Stats   Avg      Stdev     99%   +/- Stdev
    Latency    14.75s     3.69s   20.76s    64.31%
    Req/Sec    75.75      0.43    76.00    100.00%
  Latency Distribution (HdrHistogram - Recorded Latency)
 50.000%   15.62s 
 75.000%   17.76s 
 90.000%   18.87s 
 99.000%   20.76s 
 99.900%   21.73s 
 99.990%   22.04s 
 99.999%   22.13s 
100.000%   22.13s 

  Detailed Percentile spectrum:
       Value   Percentile   TotalCount 1/(1-Percentile)

    5185.535     0.000000            1         1.00
    9003.007     0.100000          863         1.11
   10911.743     0.200000         1723         1.25
   12845.055     0.300000         2590         1.43
   14426.111     0.400000         3451         1.67
   15622.143     0.500000         4312         2.00
   16097.279     0.550000         4746         2.22
   16572.415     0.600000         5175         2.50
   16990.207     0.650000         5605         2.86
   17432.575     0.700000         6046         3.33
   17760.255     0.750000         6474         4.00
   17924.095     0.775000         6679         4.44
   18104.319     0.800000         6913         5.00
   18284.543     0.825000         7121         5.71
   18448.383     0.850000         7331         6.67
   18644.991     0.875000         7543         8.00
   18759.679     0.887500         7658         8.89
   18874.367     0.900000         7763        10.00
   19021.823     0.912500         7877        11.43
   19152.895     0.925000         7975        13.33
   19349.503     0.937500         8083        16.00
   19464.191     0.943750         8140        17.78
   19562.495     0.950000         8190        20.00
   19677.183     0.956250         8247        22.86
   19791.871     0.962500         8296        26.67
   19955.711     0.968750         8346        32.00
   20021.247     0.971875         8376        35.56
   20119.551     0.975000         8401        40.00
   20217.855     0.978125         8428        45.71
   20332.543     0.981250         8458        53.33
   20479.999     0.984375         8483        64.00
   20545.535     0.985938         8494        71.11
   20627.455     0.987500         8508        80.00
   20725.759     0.989062         8523        91.43
   20807.679     0.990625         8536       106.67
   20889.599     0.992188         8549       128.00
   20955.135     0.992969         8555       142.22
   21020.671     0.993750         8563       160.00
   21102.591     0.994531         8568       182.86
   21168.127     0.995313         8575       213.33
   21266.431     0.996094         8582       256.00
   21315.583     0.996484         8585       284.44
   21364.735     0.996875         8589       320.00
   21446.655     0.997266         8593       365.71
   21495.807     0.997656         8595       426.67
   21544.959     0.998047         8599       512.00
   21561.343     0.998242         8600       568.89
   21610.495     0.998437         8603       640.00
   21626.879     0.998633         8604       731.43
   21676.031     0.998828         8605       853.33
   21725.183     0.999023         8607      1024.00
   21790.719     0.999121         8609      1137.78
   21790.719     0.999219         8609      1280.00
   21807.103     0.999316         8610      1462.86
   21807.103     0.999414         8610      1706.67
   21856.255     0.999512         8611      2048.00
   21905.407     0.999561         8612      2275.56
   21905.407     0.999609         8612      2560.00
   22003.711     0.999658         8613      2925.71
   22003.711     0.999707         8613      3413.33
   22003.711     0.999756         8613      4096.00
   22036.479     0.999780         8614      4551.11
   22036.479     0.999805         8614      5120.00
   22036.479     0.999829         8614      5851.43
   22036.479     0.999854         8614      6826.67
   22036.479     0.999878         8614      8192.00
   22134.783     0.999890         8615      9102.22
   22134.783     1.000000         8615          inf
#[Mean    =    14748.645, StdDeviation   =     3687.682]
#[Max     =    22118.400, Total count    =         8615]
#[Buckets =           27, SubBuckets     =         2048]
-----------------------------------------------------------------------
  10894 requests in 30.01s, 1.98MB read
Requests/sec:    363.05  
Transfer/sec:     67.72KB
