Running 30s test @ http://10.111.138.180:8080/wrk2-api/home-timeline/read
  4 threads and 200 connections

  Thread calibration: mean lat.: 1.575ms, rate sampling interval: 10ms
  Thread calibration: mean lat.: 1.531ms, rate sampling interval: 10ms
  Thread calibration: mean lat.: 1.552ms, rate sampling interval: 10ms
  Thread calibration: mean lat.: 1.186ms, rate sampling interval: 10ms

-----------------------------------------------------------------------
Test Results @ http://10.111.138.180:8080/wrk2-api/home-timeline/read 
  Thread Stats   Avg      Stdev     99%   +/- Stdev
    Latency     1.16ms  202.82us   1.78ms   77.74%
    Req/Sec   235.75    160.13   666.00     69.81%
  Latency Distribution (HdrHistogram - Recorded Latency)
 50.000%    1.13ms
 75.000%    1.25ms
 90.000%    1.39ms
 99.000%    1.78ms
 99.900%    3.01ms
 99.990%    4.25ms
 99.999%    4.35ms
100.000%    4.35ms

  Detailed Percentile spectrum:
       Value   Percentile   TotalCount 1/(1-Percentile)

       0.718     0.000000            1         1.00
       0.954     0.100000         1797         1.11
       1.010     0.200000         3601         1.25
       1.054     0.300000         5374         1.43
       1.093     0.400000         7171         1.67
       1.131     0.500000         8941         2.00
       1.151     0.550000         9852         2.22
       1.171     0.600000        10734         2.50
       1.193     0.650000        11623         2.86
       1.218     0.700000        12526         3.33
       1.247     0.750000        13410         4.00
       1.263     0.775000        13839         4.44
       1.283     0.800000        14280         5.00
       1.306     0.825000        14739         5.71
       1.330     0.850000        15179         6.67
       1.358     0.875000        15627         8.00
       1.374     0.887500        15847         8.89
       1.390     0.900000        16065        10.00
       1.410     0.912500        16303        11.43
       1.432     0.925000        16515        13.33
       1.456     0.937500        16739        16.00
       1.472     0.943750        16851        17.78
       1.485     0.950000        16958        20.00
       1.503     0.956250        17073        22.86
       1.523     0.962500        17187        26.67
       1.546     0.968750        17294        32.00
       1.564     0.971875        17348        35.56
       1.579     0.975000        17405        40.00
       1.598     0.978125        17461        45.71
       1.622     0.981250        17516        53.33
       1.656     0.984375        17573        64.00
       1.681     0.985938        17600        71.11
       1.711     0.987500        17627        80.00
       1.742     0.989062        17656        91.43
       1.806     0.990625        17683       106.67
       1.878     0.992188        17711       128.00
       1.929     0.992969        17725       142.22
       1.963     0.993750        17739       160.00
       2.013     0.994531        17753       182.86
       2.065     0.995313        17767       213.33
       2.107     0.996094        17781       256.00
       2.139     0.996484        17788       284.44
       2.165     0.996875        17796       320.00
       2.221     0.997266        17803       365.71
       2.303     0.997656        17809       426.67
       2.365     0.998047        17816       512.00
       2.399     0.998242        17819       568.89
       2.527     0.998437        17823       640.00
       2.649     0.998633        17826       731.43
       2.889     0.998828        17830       853.33
       3.013     0.999023        17833      1024.00
       3.061     0.999121        17835      1137.78
       3.145     0.999219        17837      1280.00
       3.197     0.999316        17838      1462.86
       3.257     0.999414        17840      1706.67
       3.441     0.999512        17842      2048.00
       3.537     0.999561        17843      2275.56
       3.637     0.999609        17844      2560.00
       3.637     0.999658        17844      2925.71
       3.711     0.999707        17845      3413.33
       3.775     0.999756        17846      4096.00
       3.923     0.999780        17847      4551.11
       3.923     0.999805        17847      5120.00
       3.923     0.999829        17847      5851.43
       4.247     0.999854        17848      6826.67
       4.247     0.999878        17848      8192.00
       4.331     0.999890        17849      9102.22
       4.331     0.999902        17849     10240.00
       4.331     0.999915        17849     11702.86
       4.331     0.999927        17849     13653.33
       4.331     0.999939        17849     16384.00
       4.351     0.999945        17850     18204.44
       4.351     1.000000        17850          inf
#[Mean    =        1.159, StdDeviation   =        0.203]
#[Max     =        4.348, Total count    =        17850]
#[Buckets =           27, SubBuckets     =         2048]
-----------------------------------------------------------------------
  26611 requests in 30.02s, 4.44MB read
Requests/sec:    886.54  
Transfer/sec:    151.51KB
