Running 30s test @ http://10.99.59.146:8080/wrk2-api/home-timeline/read
  4 threads and 200 connections

  Thread calibration: mean lat.: 1.511ms, rate sampling interval: 10ms
  Thread calibration: mean lat.: 1.474ms, rate sampling interval: 10ms
  Thread calibration: mean lat.: 1.601ms, rate sampling interval: 10ms
  Thread calibration: mean lat.: 1.169ms, rate sampling interval: 10ms

-----------------------------------------------------------------------
Test Results @ http://10.99.59.146:8080/wrk2-api/home-timeline/read 
  Thread Stats   Avg      Stdev     99%   +/- Stdev
    Latency     1.24ms    1.31ms   1.97ms   99.45%
    Req/Sec   264.55    167.42   700.00     74.41%
  Latency Distribution (HdrHistogram - Recorded Latency)
 50.000%    1.13ms
 75.000%    1.25ms
 90.000%    1.41ms
 99.000%    1.97ms
 99.900%   25.07ms
 99.990%   34.94ms
 99.999%   35.52ms
100.000%   35.52ms

  Detailed Percentile spectrum:
       Value   Percentile   TotalCount 1/(1-Percentile)

       0.693     0.000000            1         1.00
       0.958     0.100000         2014         1.11
       1.013     0.200000         4037         1.25
       1.056     0.300000         6017         1.43
       1.096     0.400000         8001         1.67
       1.134     0.500000        10026         2.00
       1.154     0.550000        11016         2.22
       1.175     0.600000        12035         2.50
       1.197     0.650000        13022         2.86
       1.223     0.700000        14015         3.33
       1.255     0.750000        14999         4.00
       1.275     0.775000        15502         4.44
       1.296     0.800000        16000         5.00
       1.320     0.825000        16511         5.71
       1.345     0.850000        17008         6.67
       1.376     0.875000        17510         8.00
       1.392     0.887500        17756         8.89
       1.410     0.900000        18000        10.00
       1.430     0.912500        18245        11.43
       1.454     0.925000        18497        13.33
       1.486     0.937500        18749        16.00
       1.502     0.943750        18873        17.78
       1.520     0.950000        18995        20.00
       1.543     0.956250        19123        22.86
       1.571     0.962500        19248        26.67
       1.606     0.968750        19372        32.00
       1.629     0.971875        19432        35.56
       1.656     0.975000        19497        40.00
       1.693     0.978125        19559        45.71
       1.735     0.981250        19622        53.33
       1.786     0.984375        19682        64.00
       1.814     0.985938        19713        71.11
       1.859     0.987500        19745        80.00
       1.915     0.989062        19776        91.43
       2.008     0.990625        19807       106.67
       2.147     0.992188        19838       128.00
       2.283     0.992969        19855       142.22
       2.369     0.993750        19870       160.00
       2.553     0.994531        19885       182.86
       3.073     0.995313        19901       213.33
       4.951     0.996094        19916       256.00
       7.279     0.996484        19924       284.44
      10.271     0.996875        19932       320.00
      12.519     0.997266        19940       365.71
      15.327     0.997656        19948       426.67
      22.303     0.998047        19955       512.00
      22.847     0.998242        19959       568.89
      23.679     0.998437        19963       640.00
      24.399     0.998633        19967       731.43
      24.879     0.998828        19971       853.33
      25.487     0.999023        19975      1024.00
      28.399     0.999121        19977      1137.78
      29.135     0.999219        19979      1280.00
      29.583     0.999316        19981      1462.86
      30.223     0.999414        19983      1706.67
      31.103     0.999512        19985      2048.00
      31.823     0.999561        19986      2275.56
      32.591     0.999609        19987      2560.00
      32.623     0.999658        19988      2925.71
      33.151     0.999707        19989      3413.33
      34.207     0.999756        19990      4096.00
      34.207     0.999780        19990      4551.11
      34.719     0.999805        19991      5120.00
      34.719     0.999829        19991      5851.43
      34.943     0.999854        19992      6826.67
      34.943     0.999878        19992      8192.00
      34.943     0.999890        19992      9102.22
      35.423     0.999902        19993     10240.00
      35.423     0.999915        19993     11702.86
      35.423     0.999927        19993     13653.33
      35.423     0.999939        19993     16384.00
      35.423     0.999945        19993     18204.44
      35.519     0.999951        19994     20480.00
      35.519     1.000000        19994          inf
#[Mean    =        1.239, StdDeviation   =        1.309]
#[Max     =       35.488, Total count    =        19994]
#[Buckets =           27, SubBuckets     =         2048]
-----------------------------------------------------------------------
  29670 requests in 30.00s, 4.95MB read
Requests/sec:    989.02  
Transfer/sec:    169.02KB
