Running 30s test @ http://10.99.59.146:8080/wrk2-api/user-timeline/read
  4 threads and 200 connections

  Thread calibration: mean lat.: 2376.303ms, rate sampling interval: 8642ms
  Thread calibration: mean lat.: 2205.968ms, rate sampling interval: 8187ms
  Thread calibration: mean lat.: 2011.239ms, rate sampling interval: 7446ms
  Thread calibration: mean lat.: 2237.616ms, rate sampling interval: 8163ms

-----------------------------------------------------------------------
Test Results @ http://10.99.59.146:8080/wrk2-api/user-timeline/read 
  Thread Stats   Avg      Stdev     99%   +/- Stdev
    Latency     8.36s     3.29s   15.89s    64.51%
    Req/Sec   123.50     20.36   144.00     75.00%
  Latency Distribution (HdrHistogram - Recorded Latency)
 50.000%    7.84s 
 75.000%   10.78s 
 90.000%   13.18s 
 99.000%   15.89s 
 99.900%   17.07s 
 99.990%   17.55s 
 99.999%   17.63s 
100.000%   17.63s 

  Detailed Percentile spectrum:
       Value   Percentile   TotalCount 1/(1-Percentile)

     413.695     0.000000            1         1.00
    4468.735     0.100000          933         1.11
    5378.047     0.200000         1863         1.25
    6168.575     0.300000         2797         1.43
    6938.623     0.400000         3725         1.67
    7843.839     0.500000         4655         2.00
    8302.591     0.550000         5117         2.22
    8847.359     0.600000         5584         2.50
    9428.991     0.650000         6047         2.86
   10100.735     0.700000         6514         3.33
   10780.671     0.750000         6980         4.00
   11149.311     0.775000         7212         4.44
   11517.951     0.800000         7442         5.00
   11919.359     0.825000         7680         5.71
   12312.575     0.850000         7907         6.67
   12730.367     0.875000         8140         8.00
   12959.743     0.887500         8260         8.89
   13180.927     0.900000         8374        10.00
   13426.687     0.912500         8490        11.43
   13697.023     0.925000         8607        13.33
   13983.743     0.937500         8721        16.00
   14131.199     0.943750         8779        17.78
   14327.807     0.950000         8841        20.00
   14508.031     0.956250         8898        22.86
   14671.871     0.962500         8955        26.67
   14909.439     0.968750         9013        32.00
   14999.551     0.971875         9042        35.56
   15130.623     0.975000         9070        40.00
   15253.503     0.978125         9101        45.71
   15409.151     0.981250         9129        53.33
   15532.031     0.984375         9159        64.00
   15646.719     0.985938         9172        71.11
   15736.831     0.987500         9186        80.00
   15843.327     0.989062         9202        91.43
   15917.055     0.990625         9217       106.67
   16039.935     0.992188         9230       128.00
   16130.047     0.992969         9237       142.22
   16211.967     0.993750         9244       160.00
   16277.503     0.994531         9252       182.86
   16359.423     0.995313         9259       213.33
   16457.727     0.996094         9266       256.00
   16515.071     0.996484         9270       284.44
   16547.839     0.996875         9273       320.00
   16596.991     0.997266         9277       365.71
   16646.143     0.997656         9282       426.67
   16670.719     0.998047         9284       512.00
   16678.911     0.998242         9286       568.89
   16826.367     0.998437         9289       640.00
   16875.519     0.998633         9290       731.43
   17039.359     0.998828         9292       853.33
   17072.127     0.999023         9293      1024.00
   17088.511     0.999121         9294      1137.78
   17121.279     0.999219         9295      1280.00
   17219.583     0.999316         9296      1462.86
   17285.119     0.999414         9297      1706.67
   17317.887     0.999512         9298      2048.00
   17317.887     0.999561         9298      2275.56
   17350.655     0.999609         9299      2560.00
   17350.655     0.999658         9299      2925.71
   17530.879     0.999707         9300      3413.33
   17530.879     0.999756         9300      4096.00
   17530.879     0.999780         9300      4551.11
   17547.263     0.999805         9301      5120.00
   17547.263     0.999829         9301      5851.43
   17547.263     0.999854         9301      6826.67
   17547.263     0.999878         9301      8192.00
   17547.263     0.999890         9301      9102.22
   17629.183     0.999902         9302     10240.00
   17629.183     1.000000         9302          inf
#[Mean    =     8356.171, StdDeviation   =     3290.705]
#[Max     =    17612.800, Total count    =         9302]
#[Buckets =           27, SubBuckets     =         2048]
-----------------------------------------------------------------------
  14718 requests in 30.05s, 11.90MB read
  Non-2xx or 3xx responses: 14138
Requests/sec:    489.78  
Transfer/sec:    405.48KB
