Running 30s test @ http://10.99.59.146:8080/wrk2-api/post/compose
  4 threads and 200 connections

  Thread calibration: mean lat.: 1044.259ms, rate sampling interval: 3756ms
  Thread calibration: mean lat.: 971.766ms, rate sampling interval: 3842ms
  Thread calibration: mean lat.: 1006.470ms, rate sampling interval: 3753ms
  Thread calibration: mean lat.: 989.746ms, rate sampling interval: 3665ms

-----------------------------------------------------------------------
Test Results @ http://10.99.59.146:8080/wrk2-api/post/compose 
  Thread Stats   Avg      Stdev     99%   +/- Stdev
    Latency     4.01s     3.26s   12.47s    70.17%
    Req/Sec   125.60     57.97   212.00     75.00%
  Latency Distribution (HdrHistogram - Recorded Latency)
 50.000%    2.82s 
 75.000%    6.19s 
 90.000%    9.27s 
 99.000%   12.47s 
 99.900%   14.09s 
 99.990%   14.84s 
 99.999%   15.09s 
100.000%   15.09s 

  Detailed Percentile spectrum:
       Value   Percentile   TotalCount 1/(1-Percentile)

     187.391     0.000000            1         1.00
     739.327     0.100000          980         1.11
    1218.559     0.200000         1960         1.25
    1704.959     0.300000         2940         1.43
    2199.551     0.400000         3918         1.67
    2824.191     0.500000         4902         2.00
    3227.647     0.550000         5391         2.22
    3676.159     0.600000         5877         2.50
    4292.607     0.650000         6368         2.86
    5189.631     0.700000         6858         3.33
    6193.151     0.750000         7350         4.00
    6660.095     0.775000         7592         4.44
    7135.231     0.800000         7836         5.00
    7651.327     0.825000         8082         5.71
    8142.847     0.850000         8327         6.67
    8691.711     0.875000         8574         8.00
    8986.623     0.887500         8705         8.89
    9265.151     0.900000         8816        10.00
    9560.063     0.912500         8938        11.43
    9871.359     0.925000         9061        13.33
   10239.999     0.937500         9184        16.00
   10387.455     0.943750         9246        17.78
   10543.103     0.950000         9306        20.00
   10772.479     0.956250         9370        22.86
   10985.471     0.962500         9432        26.67
   11231.231     0.968750         9492        32.00
   11362.303     0.971875         9520        35.56
   11509.759     0.975000         9552        40.00
   11673.599     0.978125         9582        45.71
   11829.247     0.981250         9613        53.33
   12050.431     0.984375         9642        64.00
   12189.695     0.985938         9659        71.11
   12279.807     0.987500         9674        80.00
   12386.303     0.989062         9689        91.43
   12525.567     0.990625         9704       106.67
   12673.023     0.992188         9720       128.00
   12763.135     0.992969         9727       142.22
   12861.439     0.993750         9734       160.00
   12935.167     0.994531         9742       182.86
   13082.623     0.995313         9750       213.33
   13156.351     0.996094         9757       256.00
   13254.655     0.996484         9762       284.44
   13311.999     0.996875         9765       320.00
   13418.495     0.997266         9769       365.71
   13533.183     0.997656         9773       426.67
   13615.103     0.998047         9776       512.00
   13688.831     0.998242         9778       568.89
   13697.023     0.998437         9780       640.00
   13836.287     0.998633         9782       731.43
   13885.439     0.998828         9784       853.33
   14147.583     0.999023         9786      1024.00
   14155.775     0.999121         9787      1137.78
   14172.159     0.999219         9788      1280.00
   14319.615     0.999316         9789      1462.86
   14417.919     0.999414         9790      1706.67
   14557.183     0.999512         9791      2048.00
   14557.183     0.999561         9791      2275.56
   14630.911     0.999609         9792      2560.00
   14630.911     0.999658         9792      2925.71
   14712.831     0.999707         9793      3413.33
   14712.831     0.999756         9793      4096.00
   14712.831     0.999780         9793      4551.11
   14843.903     0.999805         9794      5120.00
   14843.903     0.999829         9794      5851.43
   14843.903     0.999854         9794      6826.67
   14843.903     0.999878         9794      8192.00
   14843.903     0.999890         9794      9102.22
   15089.663     0.999902         9795     10240.00
   15089.663     1.000000         9795          inf
#[Mean    =     4009.675, StdDeviation   =     3255.747]
#[Max     =    15081.472, Total count    =         9795]
#[Buckets =           27, SubBuckets     =         2048]
-----------------------------------------------------------------------
  18324 requests in 30.05s, 3.34MB read
Requests/sec:    609.73  
Transfer/sec:    113.73KB
