Running 30s test @ http://10.99.59.146:8080/wrk2-api/post/compose
  4 threads and 200 connections

  Thread calibration: mean lat.: 21.726ms, rate sampling interval: 26ms
  Thread calibration: mean lat.: 18.037ms, rate sampling interval: 24ms
  Thread calibration: mean lat.: 17.824ms, rate sampling interval: 26ms
  Thread calibration: mean lat.: 17.437ms, rate sampling interval: 25ms

-----------------------------------------------------------------------
Test Results @ http://10.99.59.146:8080/wrk2-api/post/compose 
  Thread Stats   Avg      Stdev     99%   +/- Stdev
    Latency    10.16ms   12.83ms  42.33ms   98.61%
    Req/Sec   125.69     72.27   320.00     62.50%
  Latency Distribution (HdrHistogram - Recorded Latency)
 50.000%    8.42ms
 75.000%    9.61ms
 90.000%   11.43ms
 99.000%   42.33ms
 99.900%  157.95ms
 99.990%  235.90ms
 99.999%  251.13ms
100.000%  251.13ms

  Detailed Percentile spectrum:
       Value   Percentile   TotalCount 1/(1-Percentile)

       6.235     0.000000            1         1.00
       7.135     0.100000          994         1.11
       7.483     0.200000         1981         1.25
       7.783     0.300000         2964         1.43
       8.087     0.400000         3952         1.67
       8.423     0.500000         4966         2.00
       8.607     0.550000         5447         2.22
       8.815     0.600000         5933         2.50
       9.031     0.650000         6429         2.86
       9.287     0.700000         6920         3.33
       9.607     0.750000         7413         4.00
       9.775     0.775000         7665         4.44
       9.983     0.800000         7911         5.00
      10.239     0.825000         8151         5.71
      10.519     0.850000         8402         6.67
      10.919     0.875000         8646         8.00
      11.175     0.887500         8770         8.89
      11.431     0.900000         8893        10.00
      11.807     0.912500         9016        11.43
      12.223     0.925000         9142        13.33
      12.655     0.937500         9266        16.00
      12.935     0.943750         9326        17.78
      13.311     0.950000         9386        20.00
      13.719     0.956250         9448        22.86
      14.239     0.962500         9511        26.67
      14.911     0.968750         9572        32.00
      15.423     0.971875         9603        35.56
      16.055     0.975000         9633        40.00
      16.959     0.978125         9664        45.71
      18.063     0.981250         9695        53.33
      20.111     0.984375         9726        64.00
      22.687     0.985938         9742        71.11
      25.567     0.987500         9757        80.00
      32.639     0.989062         9772        91.43
      52.959     0.990625         9788       106.67
      98.111     0.992188         9803       128.00
     108.159     0.992969         9811       142.22
     122.367     0.993750         9819       160.00
     131.327     0.994531         9827       182.86
     137.855     0.995313         9836       213.33
     145.663     0.996094         9842       256.00
     149.247     0.996484         9846       284.44
     153.599     0.996875         9851       320.00
     154.751     0.997266         9853       365.71
     155.519     0.997656         9857       426.67
     156.287     0.998047         9862       512.00
     156.927     0.998242         9863       568.89
     157.311     0.998437         9865       640.00
     157.695     0.998633         9868       731.43
     157.823     0.998828         9869       853.33
     158.335     0.999023         9871      1024.00
     159.871     0.999121         9872      1137.78
     162.175     0.999219         9873      1280.00
     167.679     0.999316         9874      1462.86
     208.767     0.999414         9875      1706.67
     214.143     0.999512         9876      2048.00
     214.143     0.999561         9876      2275.56
     227.327     0.999609         9877      2560.00
     227.327     0.999658         9877      2925.71
     235.647     0.999707         9878      3413.33
     235.647     0.999756         9878      4096.00
     235.647     0.999780         9878      4551.11
     235.903     0.999805         9879      5120.00
     235.903     0.999829         9879      5851.43
     235.903     0.999854         9879      6826.67
     235.903     0.999878         9879      8192.00
     235.903     0.999890         9879      9102.22
     251.135     0.999902         9880     10240.00
     251.135     1.000000         9880          inf
#[Mean    =       10.158, StdDeviation   =       12.834]
#[Max     =      251.008, Total count    =         9880]
#[Buckets =           27, SubBuckets     =         2048]
-----------------------------------------------------------------------
  14861 requests in 30.05s, 2.71MB read
  Socket errors: connect 0, read 0, write 0, timeout 23
Requests/sec:    494.53  
Transfer/sec:     92.24KB
