Running 30s test @ http://10.99.59.146:8080/wrk2-api/home-timeline/read
  4 threads and 200 connections

  Thread calibration: mean lat.: 1.618ms, rate sampling interval: 10ms
  Thread calibration: mean lat.: 1.691ms, rate sampling interval: 10ms
  Thread calibration: mean lat.: 1.677ms, rate sampling interval: 10ms
  Thread calibration: mean lat.: 1.317ms, rate sampling interval: 10ms

-----------------------------------------------------------------------
Test Results @ http://10.99.59.146:8080/wrk2-api/home-timeline/read 
  Thread Stats   Avg      Stdev     99%   +/- Stdev
    Latency     1.24ms  189.67us   1.75ms   77.55%
    Req/Sec   131.57    117.43   444.00     57.96%
  Latency Distribution (HdrHistogram - Recorded Latency)
 50.000%    1.22ms
 75.000%    1.33ms
 90.000%    1.45ms
 99.000%    1.75ms
 99.900%    3.10ms
 99.990%    3.94ms
 99.999%    4.07ms
100.000%    4.07ms

  Detailed Percentile spectrum:
       Value   Percentile   TotalCount 1/(1-Percentile)

       0.793     0.000000            1         1.00
       1.044     0.100000         1005         1.11
       1.100     0.200000         2011         1.25
       1.143     0.300000         2996         1.43
       1.184     0.400000         4021         1.67
       1.220     0.500000         5001         2.00
       1.239     0.550000         5483         2.22
       1.260     0.600000         5981         2.50
       1.281     0.650000         6484         2.86
       1.306     0.700000         6976         3.33
       1.331     0.750000         7485         4.00
       1.345     0.775000         7725         4.44
       1.361     0.800000         7974         5.00
       1.379     0.825000         8222         5.71
       1.399     0.850000         8473         6.67
       1.423     0.875000         8722         8.00
       1.435     0.887500         8843         8.89
       1.449     0.900000         8972        10.00
       1.465     0.912500         9093        11.43
       1.487     0.925000         9223        13.33
       1.506     0.937500         9342        16.00
       1.520     0.943750         9403        17.78
       1.533     0.950000         9468        20.00
       1.547     0.956250         9529        22.86
       1.568     0.962500         9590        26.67
       1.591     0.968750         9652        32.00
       1.604     0.971875         9683        35.56
       1.621     0.975000         9714        40.00
       1.636     0.978125         9746        45.71
       1.657     0.981250         9778        53.33
       1.684     0.984375         9808        64.00
       1.701     0.985938         9823        71.11
       1.724     0.987500         9839        80.00
       1.738     0.989062         9855        91.43
       1.767     0.990625         9871       106.67
       1.799     0.992188         9886       128.00
       1.815     0.992969         9893       142.22
       1.848     0.993750         9901       160.00
       1.900     0.994531         9910       182.86
       1.947     0.995313         9917       213.33
       2.023     0.996094         9925       256.00
       2.059     0.996484         9928       284.44
       2.069     0.996875         9932       320.00
       2.139     0.997266         9936       365.71
       2.293     0.997656         9940       426.67
       2.353     0.998047         9944       512.00
       2.427     0.998242         9946       568.89
       2.525     0.998437         9948       640.00
       2.647     0.998633         9950       731.43
       3.021     0.998828         9952       853.33
       3.283     0.999023         9954      1024.00
       3.389     0.999121         9955      1137.78
       3.419     0.999219         9956      1280.00
       3.503     0.999316         9957      1462.86
       3.665     0.999414         9958      1706.67
       3.777     0.999512         9959      2048.00
       3.777     0.999561         9959      2275.56
       3.805     0.999609         9960      2560.00
       3.805     0.999658         9960      2925.71
       3.933     0.999707         9961      3413.33
       3.933     0.999756         9961      4096.00
       3.933     0.999780         9961      4551.11
       3.945     0.999805         9962      5120.00
       3.945     0.999829         9962      5851.43
       3.945     0.999854         9962      6826.67
       3.945     0.999878         9962      8192.00
       3.945     0.999890         9962      9102.22
       4.075     0.999902         9963     10240.00
       4.075     1.000000         9963          inf
#[Mean    =        1.241, StdDeviation   =        0.190]
#[Max     =        4.074, Total count    =         9963]
#[Buckets =           27, SubBuckets     =         2048]
-----------------------------------------------------------------------
  14835 requests in 30.02s, 2.48MB read
  Socket errors: connect 0, read 0, write 0, timeout 25
Requests/sec:    494.19  
Transfer/sec:     84.46KB
