Running 30s test @ http://10.99.59.146:8080/wrk2-api/post/compose
  4 threads and 200 connections

  Thread calibration: mean lat.: 27.481ms, rate sampling interval: 112ms
  Thread calibration: mean lat.: 29.866ms, rate sampling interval: 130ms
  Thread calibration: mean lat.: 27.739ms, rate sampling interval: 120ms
  Thread calibration: mean lat.: 32.026ms, rate sampling interval: 159ms

-----------------------------------------------------------------------
Test Results @ http://10.99.59.146:8080/wrk2-api/post/compose 
  Thread Stats   Avg      Stdev     99%   +/- Stdev
    Latency   221.39ms  527.97ms   2.43s    88.16%
    Req/Sec   133.46     46.19   232.00     71.38%
  Latency Distribution (HdrHistogram - Recorded Latency)
 50.000%    9.94ms
 75.000%   15.00ms
 90.000%  927.74ms
 99.000%    2.43s 
 99.900%    3.16s 
 99.990%    3.43s 
 99.999%    3.68s 
100.000%    3.68s 

  Detailed Percentile spectrum:
       Value   Percentile   TotalCount 1/(1-Percentile)

       6.087     0.000000            1         1.00
       7.531     0.100000         1068         1.11
       8.079     0.200000         2138         1.25
       8.599     0.300000         3206         1.43
       9.175     0.400000         4263         1.67
       9.943     0.500000         5336         2.00
      10.415     0.550000         5871         2.22
      10.967     0.600000         6394         2.50
      11.807     0.650000         6927         2.86
      12.927     0.700000         7460         3.33
      14.999     0.750000         7991         4.00
      17.439     0.775000         8257         4.44
      35.903     0.800000         8524         5.00
     353.535     0.825000         8790         5.71
     490.495     0.850000         9056         6.67
     684.031     0.875000         9323         8.00
     804.863     0.887500         9457         8.89
     927.743     0.900000         9589        10.00
    1046.015     0.912500         9722        11.43
    1188.863     0.925000         9855        13.33
    1353.727     0.937500         9989        16.00
    1429.503     0.943750        10055        17.78
    1523.711     0.950000        10122        20.00
    1610.751     0.956250        10188        22.86
    1704.959     0.962500        10255        26.67
    1830.911     0.968750        10323        32.00
    1891.327     0.971875        10356        35.56
    1961.983     0.975000        10389        40.00
    2025.471     0.978125        10421        45.71
    2121.727     0.981250        10456        53.33
    2232.319     0.984375        10488        64.00
    2306.047     0.985938        10505        71.11
    2359.295     0.987500        10521        80.00
    2404.351     0.989062        10538        91.43
    2476.031     0.990625        10555       106.67
    2535.423     0.992188        10571       128.00
    2572.287     0.992969        10580       142.22
    2627.583     0.993750        10589       160.00
    2650.111     0.994531        10596       182.86
    2705.407     0.995313        10605       213.33
    2797.567     0.996094        10613       256.00
    2834.431     0.996484        10617       284.44
    2859.007     0.996875        10621       320.00
    2912.255     0.997266        10625       365.71
    3000.319     0.997656        10630       426.67
    3049.471     0.998047        10635       512.00
    3051.519     0.998242        10636       568.89
    3069.951     0.998437        10638       640.00
    3088.383     0.998633        10640       731.43
    3151.871     0.998828        10642       853.33
    3160.063     0.999023        10644      1024.00
    3164.159     0.999121        10645      1137.78
    3233.791     0.999219        10646      1280.00
    3256.319     0.999316        10647      1462.86
    3305.471     0.999414        10648      1706.67
    3330.047     0.999512        10649      2048.00
    3356.671     0.999561        10650      2275.56
    3356.671     0.999609        10650      2560.00
    3358.719     0.999658        10651      2925.71
    3358.719     0.999707        10651      3413.33
    3432.447     0.999756        10652      4096.00
    3432.447     0.999780        10652      4551.11
    3432.447     0.999805        10652      5120.00
    3434.495     0.999829        10653      5851.43
    3434.495     0.999854        10653      6826.67
    3434.495     0.999878        10653      8192.00
    3434.495     0.999890        10653      9102.22
    3434.495     0.999902        10653     10240.00
    3682.303     0.999915        10654     11702.86
    3682.303     1.000000        10654          inf
#[Mean    =      221.387, StdDeviation   =      527.973]
#[Max     =     3680.256, Total count    =        10654]
#[Buckets =           27, SubBuckets     =         2048]
-----------------------------------------------------------------------
  16635 requests in 30.06s, 3.03MB read
  Socket errors: connect 0, read 0, write 0, timeout 6
Requests/sec:    553.46  
Transfer/sec:    103.23KB
