Running 30s test @ http://10.99.59.146:8080/wrk2-api/home-timeline/read
  4 threads and 200 connections

  Thread calibration: mean lat.: 1.619ms, rate sampling interval: 10ms
  Thread calibration: mean lat.: 1.547ms, rate sampling interval: 10ms
  Thread calibration: mean lat.: 1.283ms, rate sampling interval: 10ms
  Thread calibration: mean lat.: 1.660ms, rate sampling interval: 10ms

-----------------------------------------------------------------------
Test Results @ http://10.99.59.146:8080/wrk2-api/home-timeline/read 
  Thread Stats   Avg      Stdev     99%   +/- Stdev
    Latency     1.25ms  788.83us   1.82ms   99.29%
    Req/Sec   156.68    129.37   500.00     57.84%
  Latency Distribution (HdrHistogram - Recorded Latency)
 50.000%    1.20ms
 75.000%    1.32ms
 90.000%    1.44ms
 99.000%    1.82ms
 99.900%   16.67ms
 99.990%   26.82ms
 99.999%   34.69ms
100.000%   34.69ms

  Detailed Percentile spectrum:
       Value   Percentile   TotalCount 1/(1-Percentile)

       0.780     0.000000            1         1.00
       1.022     0.100000         1193         1.11
       1.080     0.200000         2387         1.25
       1.123     0.300000         3570         1.43
       1.161     0.400000         4767         1.67
       1.200     0.500000         5962         2.00
       1.219     0.550000         6554         2.22
       1.239     0.600000         7135         2.50
       1.261     0.650000         7733         2.86
       1.287     0.700000         8319         3.33
       1.316     0.750000         8924         4.00
       1.331     0.775000         9210         4.44
       1.347     0.800000         9501         5.00
       1.365     0.825000         9790         5.71
       1.386     0.850000        10099         6.67
       1.407     0.875000        10385         8.00
       1.421     0.887500        10534         8.89
       1.436     0.900000        10679        10.00
       1.450     0.912500        10833        11.43
       1.465     0.925000        10973        13.33
       1.484     0.937500        11120        16.00
       1.496     0.943750        11194        17.78
       1.511     0.950000        11271        20.00
       1.529     0.956250        11348        22.86
       1.549     0.962500        11419        26.67
       1.573     0.968750        11492        32.00
       1.587     0.971875        11530        35.56
       1.605     0.975000        11567        40.00
       1.631     0.978125        11603        45.71
       1.661     0.981250        11640        53.33
       1.700     0.984375        11676        64.00
       1.723     0.985938        11695        71.11
       1.751     0.987500        11713        80.00
       1.792     0.989062        11732        91.43
       1.842     0.990625        11750       106.67
       1.980     0.992188        11769       128.00
       2.065     0.992969        11778       142.22
       2.179     0.993750        11787       160.00
       2.241     0.994531        11797       182.86
       2.355     0.995313        11806       213.33
       2.509     0.996094        11815       256.00
       2.601     0.996484        11820       284.44
       2.745     0.996875        11824       320.00
       3.263     0.997266        11829       365.71
       4.017     0.997656        11834       426.67
       4.239     0.998047        11838       512.00
       5.171     0.998242        11841       568.89
       7.219     0.998437        11843       640.00
       9.079     0.998633        11845       731.43
      14.615     0.998828        11848       853.33
      19.263     0.999023        11850      1024.00
      20.063     0.999121        11851      1137.78
      20.767     0.999219        11852      1280.00
      21.023     0.999316        11853      1462.86
      21.439     0.999414        11855      1706.67
      22.815     0.999512        11856      2048.00
      22.815     0.999561        11856      2275.56
      22.847     0.999609        11857      2560.00
      22.847     0.999658        11857      2925.71
      24.671     0.999707        11858      3413.33
      24.847     0.999756        11859      4096.00
      24.847     0.999780        11859      4551.11
      24.847     0.999805        11859      5120.00
      24.847     0.999829        11859      5851.43
      26.815     0.999854        11860      6826.67
      26.815     0.999878        11860      8192.00
      26.815     0.999890        11860      9102.22
      26.815     0.999902        11860     10240.00
      26.815     0.999915        11860     11702.86
      34.687     0.999927        11861     13653.33
      34.687     1.000000        11861          inf
#[Mean    =        1.251, StdDeviation   =        0.789]
#[Max     =       34.656, Total count    =        11861]
#[Buckets =           27, SubBuckets     =         2048]
-----------------------------------------------------------------------
  17713 requests in 30.01s, 2.96MB read
  Socket errors: connect 0, read 0, write 0, timeout 5
Requests/sec:    590.28  
Transfer/sec:    100.88KB
