Running 30s test @ http://10.99.59.146:8080/wrk2-api/home-timeline/read
  4 threads and 200 connections

  Thread calibration: mean lat.: 1.872ms, rate sampling interval: 10ms
  Thread calibration: mean lat.: 1.607ms, rate sampling interval: 10ms
  Thread calibration: mean lat.: 1.415ms, rate sampling interval: 10ms
  Thread calibration: mean lat.: 1.310ms, rate sampling interval: 10ms

-----------------------------------------------------------------------
Test Results @ http://10.99.59.146:8080/wrk2-api/home-timeline/read 
  Thread Stats   Avg      Stdev     99%   +/- Stdev
    Latency     1.24ms    1.05ms   1.80ms   99.60%
    Req/Sec   181.68    138.99   555.00     65.43%
  Latency Distribution (HdrHistogram - Recorded Latency)
 50.000%    1.17ms
 75.000%    1.28ms
 90.000%    1.41ms
 99.000%    1.80ms
 99.900%   24.11ms
 99.990%   32.33ms
 99.999%   33.28ms
100.000%   33.28ms

  Detailed Percentile spectrum:
       Value   Percentile   TotalCount 1/(1-Percentile)

       0.693     0.000000            1         1.00
       0.987     0.100000         1393         1.11
       1.047     0.200000         2763         1.25
       1.093     0.300000         4139         1.43
       1.131     0.400000         5528         1.67
       1.168     0.500000         6881         2.00
       1.188     0.550000         7582         2.22
       1.208     0.600000         8277         2.50
       1.230     0.650000         8961         2.86
       1.255     0.700000         9640         3.33
       1.284     0.750000        10328         4.00
       1.300     0.775000        10670         4.44
       1.318     0.800000        11026         5.00
       1.337     0.825000        11355         5.71
       1.360     0.850000        11715         6.67
       1.385     0.875000        12053         8.00
       1.398     0.887500        12220         8.89
       1.413     0.900000        12389        10.00
       1.432     0.912500        12558        11.43
       1.454     0.925000        12734        13.33
       1.477     0.937500        12903        16.00
       1.491     0.943750        12992        17.78
       1.505     0.950000        13075        20.00
       1.521     0.956250        13161        22.86
       1.545     0.962500        13246        26.67
       1.573     0.968750        13334        32.00
       1.593     0.971875        13379        35.56
       1.610     0.975000        13418        40.00
       1.632     0.978125        13463        45.71
       1.651     0.981250        13504        53.33
       1.689     0.984375        13547        64.00
       1.719     0.985938        13569        71.11
       1.743     0.987500        13590        80.00
       1.771     0.989062        13612        91.43
       1.839     0.990625        13633       106.67
       1.916     0.992188        13655       128.00
       1.937     0.992969        13666       142.22
       2.012     0.993750        13676       160.00
       2.081     0.994531        13687       182.86
       2.179     0.995313        13698       213.33
       2.347     0.996094        13709       256.00
       2.403     0.996484        13714       284.44
       2.975     0.996875        13719       320.00
       3.935     0.997266        13725       365.71
       6.831     0.997656        13730       426.67
       8.183     0.998047        13736       512.00
      10.439     0.998242        13738       568.89
      22.223     0.998437        13741       640.00
      22.703     0.998633        13744       731.43
      22.959     0.998828        13746       853.33
      24.287     0.999023        13749      1024.00
      24.591     0.999121        13750      1137.78
      26.479     0.999219        13752      1280.00
      26.527     0.999316        13753      1462.86
      27.039     0.999414        13754      1706.67
      27.215     0.999512        13756      2048.00
      27.215     0.999561        13756      2275.56
      27.359     0.999609        13757      2560.00
      27.759     0.999658        13758      2925.71
      27.759     0.999707        13758      3413.33
      27.823     0.999756        13759      4096.00
      27.823     0.999780        13759      4551.11
      29.983     0.999805        13760      5120.00
      29.983     0.999829        13760      5851.43
      29.983     0.999854        13760      6826.67
      32.335     0.999878        13761      8192.00
      32.335     0.999890        13761      9102.22
      32.335     0.999902        13761     10240.00
      32.335     0.999915        13761     11702.86
      32.335     0.999927        13761     13653.33
      33.279     0.999939        13762     16384.00
      33.279     1.000000        13762          inf
#[Mean    =        1.238, StdDeviation   =        1.052]
#[Max     =       33.248, Total count    =        13762]
#[Buckets =           27, SubBuckets     =         2048]
-----------------------------------------------------------------------
  20556 requests in 30.01s, 3.43MB read
  Socket errors: connect 0, read 0, write 0, timeout 3
Requests/sec:    684.94  
Transfer/sec:    117.06KB
