Running 30s test @ http://10.99.59.146:8080/wrk2-api/post/compose
  4 threads and 200 connections

  Thread calibration: mean lat.: 11.787ms, rate sampling interval: 33ms
  Thread calibration: mean lat.: 24.923ms, rate sampling interval: 78ms
  Thread calibration: mean lat.: 24.904ms, rate sampling interval: 76ms
  Thread calibration: mean lat.: 29.233ms, rate sampling interval: 85ms

-----------------------------------------------------------------------
Test Results @ http://10.99.59.146:8080/wrk2-api/post/compose 
  Thread Stats   Avg      Stdev     99%   +/- Stdev
    Latency   620.85ms    1.13s    4.42s    83.83%
    Req/Sec   139.66     78.73   333.00     70.77%
  Latency Distribution (HdrHistogram - Recorded Latency)
 50.000%   12.90ms
 75.000%  773.12ms
 90.000%    2.51s 
 99.000%    4.42s 
 99.900%    5.39s 
 99.990%    5.84s 
 99.999%    6.17s 
100.000%    6.17s 

  Detailed Percentile spectrum:
       Value   Percentile   TotalCount 1/(1-Percentile)

       6.287     0.000000            1         1.00
       8.103     0.100000         1114         1.11
       8.951     0.200000         2232         1.25
       9.855     0.300000         3341         1.43
      11.055     0.400000         4453         1.67
      12.895     0.500000         5564         2.00
      14.255     0.550000         6119         2.22
      16.415     0.600000         6676         2.50
      21.215     0.650000         7230         2.86
     325.119     0.700000         7787         3.33
     775.167     0.750000         8343         4.00
    1035.775     0.775000         8621         4.44
    1314.815     0.800000         8899         5.00
    1592.319     0.825000         9178         5.71
    1892.351     0.850000         9458         6.67
    2189.311     0.875000         9733         8.00
    2357.247     0.887500         9872         8.89
    2506.751     0.900000        10011        10.00
    2666.495     0.912500        10150        11.43
    2863.103     0.925000        10289        13.33
    3074.047     0.937500        10428        16.00
    3172.351     0.943750        10498        17.78
    3278.847     0.950000        10567        20.00
    3397.631     0.956250        10637        22.86
    3530.751     0.962500        10706        26.67
    3684.351     0.968750        10777        32.00
    3764.223     0.971875        10812        35.56
    3835.903     0.975000        10847        40.00
    3934.207     0.978125        10881        45.71
    4032.511     0.981250        10915        53.33
    4159.487     0.984375        10950        64.00
    4222.975     0.985938        10967        71.11
    4272.127     0.987500        10984        80.00
    4366.335     0.989062        11002        91.43
    4448.255     0.990625        11019       106.67
    4530.175     0.992188        11037       128.00
    4591.615     0.992969        11047       142.22
    4673.535     0.993750        11054       160.00
    4751.359     0.994531        11063       182.86
    4804.607     0.995313        11071       213.33
    4927.487     0.996094        11080       256.00
    4964.351     0.996484        11084       284.44
    4997.119     0.996875        11090       320.00
    5054.463     0.997266        11093       365.71
    5099.519     0.997656        11097       426.67
    5185.535     0.998047        11102       512.00
    5218.303     0.998242        11104       568.89
    5275.647     0.998437        11106       640.00
    5337.087     0.998633        11108       731.43
    5365.759     0.998828        11110       853.33
    5402.623     0.999023        11113      1024.00
    5431.295     0.999121        11114      1137.78
    5484.543     0.999219        11115      1280.00
    5595.135     0.999316        11116      1462.86
    5603.327     0.999414        11117      1706.67
    5693.439     0.999512        11118      2048.00
    5713.919     0.999561        11119      2275.56
    5713.919     0.999609        11119      2560.00
    5808.127     0.999658        11120      2925.71
    5808.127     0.999707        11120      3413.33
    5828.607     0.999756        11121      4096.00
    5828.607     0.999780        11121      4551.11
    5828.607     0.999805        11121      5120.00
    5844.991     0.999829        11122      5851.43
    5844.991     0.999854        11122      6826.67
    5844.991     0.999878        11122      8192.00
    5844.991     0.999890        11122      9102.22
    5844.991     0.999902        11122     10240.00
    6172.671     0.999915        11123     11702.86
    6172.671     1.000000        11123          inf
#[Mean    =      620.854, StdDeviation   =     1129.985]
#[Max     =     6168.576, Total count    =        11123]
#[Buckets =           27, SubBuckets     =         2048]
-----------------------------------------------------------------------
  17918 requests in 30.05s, 3.26MB read
  Socket errors: connect 0, read 0, write 0, timeout 4
Requests/sec:    596.37  
Transfer/sec:    111.25KB
