Running 30s test @ http://10.99.59.146:8080/wrk2-api/home-timeline/read
  4 threads and 200 connections

  Thread calibration: mean lat.: 7.527ms, rate sampling interval: 10ms
  Thread calibration: mean lat.: 9.477ms, rate sampling interval: 10ms
  Thread calibration: mean lat.: 8.657ms, rate sampling interval: 10ms
  Thread calibration: mean lat.: 7.835ms, rate sampling interval: 10ms

-----------------------------------------------------------------------
Test Results @ http://10.99.59.146:8080/wrk2-api/home-timeline/read 
  Thread Stats   Avg      Stdev     99%   +/- Stdev
    Latency     1.22ms    0.93ms   1.84ms   99.38%
    Req/Sec   209.78    150.66   600.00     71.58%
  Latency Distribution (HdrHistogram - Recorded Latency)
 50.000%    1.16ms
 75.000%    1.28ms
 90.000%    1.42ms
 99.000%    1.84ms
 99.900%   20.99ms
 99.990%   33.38ms
 99.999%   39.42ms
100.000%   39.42ms

  Detailed Percentile spectrum:
       Value   Percentile   TotalCount 1/(1-Percentile)

       0.748     0.000000            1         1.00
       0.980     0.100000         1590         1.11
       1.039     0.200000         3190         1.25
       1.083     0.300000         4788         1.43
       1.123     0.400000         6360         1.67
       1.161     0.500000         7945         2.00
       1.180     0.550000         8748         2.22
       1.202     0.600000         9553         2.50
       1.225     0.650000        10325         2.86
       1.251     0.700000        11122         3.33
       1.283     0.750000        11923         4.00
       1.299     0.775000        12309         4.44
       1.318     0.800000        12711         5.00
       1.339     0.825000        13110         5.71
       1.364     0.850000        13497         6.67
       1.389     0.875000        13898         8.00
       1.403     0.887500        14091         8.89
       1.418     0.900000        14288        10.00
       1.434     0.912500        14491        11.43
       1.457     0.925000        14691        13.33
       1.479     0.937500        14885        16.00
       1.494     0.943750        14986        17.78
       1.515     0.950000        15082        20.00
       1.533     0.956250        15182        22.86
       1.556     0.962500        15287        26.67
       1.581     0.968750        15380        32.00
       1.599     0.971875        15428        35.56
       1.621     0.975000        15480        40.00
       1.649     0.978125        15527        45.71
       1.678     0.981250        15577        53.33
       1.720     0.984375        15629        64.00
       1.735     0.985938        15652        71.11
       1.777     0.987500        15677        80.00
       1.801     0.989062        15701        91.43
       1.865     0.990625        15726       106.67
       1.944     0.992188        15750       128.00
       2.019     0.992969        15763       142.22
       2.145     0.993750        15775       160.00
       2.205     0.994531        15788       182.86
       2.319     0.995313        15800       213.33
       2.497     0.996094        15812       256.00
       2.609     0.996484        15819       284.44
       2.873     0.996875        15825       320.00
       3.031     0.997266        15831       365.71
       3.445     0.997656        15837       426.67
       4.323     0.998047        15843       512.00
       5.363     0.998242        15847       568.89
       5.687     0.998437        15850       640.00
       9.383     0.998633        15853       731.43
      18.127     0.998828        15856       853.33
      21.311     0.999023        15859      1024.00
      21.727     0.999121        15861      1137.78
      22.575     0.999219        15862      1280.00
      23.647     0.999316        15864      1462.86
      24.671     0.999414        15865      1706.67
      25.871     0.999512        15867      2048.00
      26.335     0.999561        15868      2275.56
      26.335     0.999609        15868      2560.00
      29.503     0.999658        15869      2925.71
      29.935     0.999707        15870      3413.33
      32.703     0.999756        15871      4096.00
      32.703     0.999780        15871      4551.11
      32.703     0.999805        15871      5120.00
      33.375     0.999829        15872      5851.43
      33.375     0.999854        15872      6826.67
      37.215     0.999878        15873      8192.00
      37.215     0.999890        15873      9102.22
      37.215     0.999902        15873     10240.00
      37.215     0.999915        15873     11702.86
      37.215     0.999927        15873     13653.33
      39.423     0.999939        15874     16384.00
      39.423     1.000000        15874          inf
#[Mean    =        1.223, StdDeviation   =        0.929]
#[Max     =       39.392, Total count    =        15874]
#[Buckets =           27, SubBuckets     =         2048]
-----------------------------------------------------------------------
  23838 requests in 30.01s, 3.98MB read
Requests/sec:    794.47  
Transfer/sec:    135.77KB
