Running 30s test @ http://10.99.59.146:8080/wrk2-api/post/compose
  4 threads and 200 connections

  Thread calibration: mean lat.: 40.878ms, rate sampling interval: 208ms
  Thread calibration: mean lat.: 40.578ms, rate sampling interval: 205ms
  Thread calibration: mean lat.: 38.551ms, rate sampling interval: 180ms
  Thread calibration: mean lat.: 17.902ms, rate sampling interval: 57ms

-----------------------------------------------------------------------
Test Results @ http://10.99.59.146:8080/wrk2-api/post/compose 
  Thread Stats   Avg      Stdev     99%   +/- Stdev
    Latency     1.20s     1.89s    6.80s    82.28%
    Req/Sec   135.51     71.13   303.00     67.28%
  Latency Distribution (HdrHistogram - Recorded Latency)
 50.000%   24.37ms
 75.000%    1.99s 
 90.000%    4.48s 
 99.000%    6.80s 
 99.900%    7.75s 
 99.990%    8.32s 
 99.999%    8.54s 
100.000%    8.54s 

  Detailed Percentile spectrum:
       Value   Percentile   TotalCount 1/(1-Percentile)

       6.495     0.000000            1         1.00
       9.711     0.100000         1082         1.11
      11.527     0.200000         2152         1.25
      14.039     0.300000         3226         1.43
      17.391     0.400000         4301         1.67
      24.367     0.500000         5375         2.00
      42.719     0.550000         5913         2.22
     156.543     0.600000         6450         2.50
     650.239     0.650000         6987         2.86
    1315.839     0.700000         7524         3.33
    1989.631     0.750000         8061         4.00
    2347.007     0.775000         8331         4.44
    2738.175     0.800000         8603         5.00
    3131.391     0.825000         8869         5.71
    3561.471     0.850000         9136         6.67
    4003.839     0.875000         9407         8.00
    4255.743     0.887500         9541         8.89
    4476.927     0.900000         9674        10.00
    4702.207     0.912500         9808        11.43
    4939.775     0.925000         9943        13.33
    5234.687     0.937500        10080        16.00
    5361.663     0.943750        10145        17.78
    5513.215     0.950000        10212        20.00
    5677.055     0.956250        10280        22.86
    5832.703     0.962500        10346        26.67
    5984.255     0.968750        10414        32.00
    6074.367     0.971875        10446        35.56
    6172.671     0.975000        10480        40.00
    6283.263     0.978125        10514        45.71
    6373.375     0.981250        10548        53.33
    6496.255     0.984375        10583        64.00
    6565.887     0.985938        10598        71.11
    6627.327     0.987500        10614        80.00
    6729.727     0.989062        10631        91.43
    6840.319     0.990625        10649       106.67
    6914.047     0.992188        10665       128.00
    6963.199     0.992969        10673       142.22
    7012.351     0.993750        10682       160.00
    7106.559     0.994531        10691       182.86
    7176.191     0.995313        10698       213.33
    7258.111     0.996094        10707       256.00
    7319.551     0.996484        10711       284.44
    7389.183     0.996875        10715       320.00
    7434.239     0.997266        10719       365.71
    7458.815     0.997656        10723       426.67
    7536.639     0.998047        10728       512.00
    7585.791     0.998242        10730       568.89
    7622.655     0.998437        10732       640.00
    7655.423     0.998633        10734       731.43
    7679.999     0.998828        10736       853.33
    7831.551     0.999023        10738      1024.00
    7847.935     0.999121        10740      1137.78
    7847.935     0.999219        10740      1280.00
    7962.623     0.999316        10741      1462.86
    8007.679     0.999414        10742      1706.67
    8040.447     0.999512        10743      2048.00
    8060.927     0.999561        10744      2275.56
    8060.927     0.999609        10744      2560.00
    8073.215     0.999658        10745      2925.71
    8073.215     0.999707        10745      3413.33
    8183.807     0.999756        10746      4096.00
    8183.807     0.999780        10746      4551.11
    8183.807     0.999805        10746      5120.00
    8323.071     0.999829        10747      5851.43
    8323.071     0.999854        10747      6826.67
    8323.071     0.999878        10747      8192.00
    8323.071     0.999890        10747      9102.22
    8323.071     0.999902        10747     10240.00
    8536.063     0.999915        10748     11702.86
    8536.063     1.000000        10748          inf
#[Mean    =     1202.063, StdDeviation   =     1890.259]
#[Max     =     8527.872, Total count    =        10748]
#[Buckets =           27, SubBuckets     =         2048]
-----------------------------------------------------------------------
  18528 requests in 30.02s, 3.37MB read
  Socket errors: connect 0, read 0, write 0, timeout 3
Requests/sec:    617.16  
Transfer/sec:    115.12KB
