Running 30s test @ http://10.99.59.146:8080/wrk2-api/post/compose
  4 threads and 200 connections

  Thread calibration: mean lat.: 581.132ms, rate sampling interval: 2230ms
  Thread calibration: mean lat.: 612.890ms, rate sampling interval: 2385ms
  Thread calibration: mean lat.: 575.340ms, rate sampling interval: 2295ms
  Thread calibration: mean lat.: 537.100ms, rate sampling interval: 2160ms

-----------------------------------------------------------------------
Test Results @ http://10.99.59.146:8080/wrk2-api/post/compose 
  Thread Stats   Avg      Stdev     99%   +/- Stdev
    Latency     2.62s     2.76s    9.61s    79.60%
    Req/Sec   128.91     62.30   234.00     63.64%
  Latency Distribution (HdrHistogram - Recorded Latency)
 50.000%    1.14s 
 75.000%    4.55s 
 90.000%    7.24s 
 99.000%    9.61s 
 99.900%   10.73s 
 99.990%   11.78s 
 99.999%   12.31s 
100.000%   12.31s 

  Detailed Percentile spectrum:
       Value   Percentile   TotalCount 1/(1-Percentile)

     108.415     0.000000            1         1.00
     235.263     0.100000         1011         1.11
     379.903     0.200000         2021         1.25
     551.423     0.300000         3038         1.43
     795.647     0.400000         4045         1.67
    1136.639     0.500000         5053         2.00
    1511.423     0.550000         5558         2.22
    2009.087     0.600000         6063         2.50
    2746.367     0.650000         6569         2.86
    3674.111     0.700000         7074         3.33
    4546.559     0.750000         7582         4.00
    4988.927     0.775000         7833         4.44
    5459.967     0.800000         8084         5.00
    5906.431     0.825000         8338         5.71
    6328.319     0.850000         8590         6.67
    6766.591     0.875000         8843         8.00
    6995.967     0.887500         8970         8.89
    7241.727     0.900000         9096        10.00
    7450.623     0.912500         9221        11.43
    7708.671     0.925000         9348        13.33
    7938.047     0.937500         9474        16.00
    8085.503     0.943750         9540        17.78
    8253.439     0.950000         9601        20.00
    8384.511     0.956250         9663        22.86
    8560.639     0.962500         9731        26.67
    8757.247     0.968750         9790        32.00
    8855.551     0.971875         9822        35.56
    8962.047     0.975000         9853        40.00
    9043.967     0.978125         9885        45.71
    9158.655     0.981250         9916        53.33
    9297.919     0.984375         9948        64.00
    9371.647     0.985938         9963        71.11
    9453.567     0.987500         9979        80.00
    9560.063     0.989062         9995        91.43
    9641.983     0.990625        10011       106.67
    9756.671     0.992188        10028       128.00
    9805.823     0.992969        10034       142.22
    9887.743     0.993750        10042       160.00
   10002.431     0.994531        10052       182.86
   10051.583     0.995313        10059       213.33
   10141.695     0.996094        10067       256.00
   10174.463     0.996484        10070       284.44
   10223.615     0.996875        10074       320.00
   10321.919     0.997266        10078       365.71
   10371.071     0.997656        10082       426.67
   10461.183     0.998047        10086       512.00
   10485.759     0.998242        10088       568.89
   10600.447     0.998437        10090       640.00
   10715.135     0.998633        10093       731.43
   10731.519     0.998828        10095       853.33
   10944.511     0.999023        10096      1024.00
   11116.543     0.999121        10097      1137.78
   11149.311     0.999219        10098      1280.00
   11190.271     0.999316        10099      1462.86
   11288.575     0.999414        10100      1706.67
   11468.799     0.999512        10101      2048.00
   11468.799     0.999561        10101      2275.56
   11542.527     0.999609        10102      2560.00
   11542.527     0.999658        10102      2925.71
   11771.903     0.999707        10103      3413.33
   11771.903     0.999756        10103      4096.00
   11771.903     0.999780        10103      4551.11
   11780.095     0.999805        10104      5120.00
   11780.095     0.999829        10104      5851.43
   11780.095     0.999854        10104      6826.67
   11780.095     0.999878        10104      8192.00
   11780.095     0.999890        10104      9102.22
   12312.575     0.999902        10105     10240.00
   12312.575     1.000000        10105          inf
#[Mean    =     2615.341, StdDeviation   =     2760.232]
#[Max     =    12304.384, Total count    =        10105]
#[Buckets =           27, SubBuckets     =         2048]
-----------------------------------------------------------------------
  18602 requests in 30.05s, 3.39MB read
Requests/sec:    619.07  
Transfer/sec:    115.47KB
