Running 30s test @ http://10.99.59.146:8080/wrk2-api/home-timeline/read
  4 threads and 200 connections

  Thread calibration: mean lat.: 1.383ms, rate sampling interval: 10ms
  Thread calibration: mean lat.: 1.294ms, rate sampling interval: 10ms
  Thread calibration: mean lat.: 1.373ms, rate sampling interval: 10ms
  Thread calibration: mean lat.: 1.186ms, rate sampling interval: 10ms

-----------------------------------------------------------------------
Test Results @ http://10.99.59.146:8080/wrk2-api/home-timeline/read 
  Thread Stats   Avg      Stdev     99%   +/- Stdev
    Latency     1.19ms  479.77us   1.88ms   97.97%
    Req/Sec   235.82    161.31   666.00     68.93%
  Latency Distribution (HdrHistogram - Recorded Latency)
 50.000%    1.15ms
 75.000%    1.27ms
 90.000%    1.42ms
 99.000%    1.88ms
 99.900%    6.63ms
 99.990%   16.54ms
 99.999%   26.17ms
100.000%   26.17ms

  Detailed Percentile spectrum:
       Value   Percentile   TotalCount 1/(1-Percentile)

       0.700     0.000000            1         1.00
       0.964     0.100000         1802         1.11
       1.024     0.200000         3592         1.25
       1.070     0.300000         5398         1.43
       1.110     0.400000         7163         1.67
       1.150     0.500000         8950         2.00
       1.170     0.550000         9836         2.22
       1.191     0.600000        10717         2.50
       1.214     0.650000        11618         2.86
       1.241     0.700000        12521         3.33
       1.271     0.750000        13406         4.00
       1.289     0.775000        13850         4.44
       1.309     0.800000        14303         5.00
       1.331     0.825000        14745         5.71
       1.354     0.850000        15181         6.67
       1.384     0.875000        15627         8.00
       1.400     0.887500        15849         8.89
       1.418     0.900000        16074        10.00
       1.439     0.912500        16300        11.43
       1.461     0.925000        16517        13.33
       1.490     0.937500        16742        16.00
       1.505     0.943750        16855        17.78
       1.523     0.950000        16964        20.00
       1.547     0.956250        17077        22.86
       1.570     0.962500        17184        26.67
       1.596     0.968750        17297        32.00
       1.614     0.971875        17353        35.56
       1.632     0.975000        17408        40.00
       1.660     0.978125        17464        45.71
       1.692     0.981250        17523        53.33
       1.737     0.984375        17576        64.00
       1.762     0.985938        17604        71.11
       1.796     0.987500        17630        80.00
       1.844     0.989062        17658        91.43
       1.908     0.990625        17686       106.67
       1.977     0.992188        17714       128.00
       2.028     0.992969        17728       142.22
       2.075     0.993750        17742       160.00
       2.195     0.994531        17756       182.86
       2.257     0.995313        17770       213.33
       2.419     0.996094        17784       256.00
       2.553     0.996484        17791       284.44
       2.731     0.996875        17798       320.00
       2.891     0.997266        17805       365.71
       3.179     0.997656        17812       426.67
       3.485     0.998047        17819       512.00
       3.619     0.998242        17822       568.89
       4.255     0.998437        17826       640.00
       4.995     0.998633        17829       731.43
       5.663     0.998828        17833       853.33
       7.191     0.999023        17836      1024.00
       8.447     0.999121        17838      1137.78
      10.575     0.999219        17840      1280.00
      10.743     0.999316        17841      1462.86
      12.871     0.999414        17843      1706.67
      15.095     0.999512        17845      2048.00
      15.399     0.999561        17846      2275.56
      15.463     0.999609        17847      2560.00
      15.463     0.999658        17847      2925.71
      15.687     0.999707        17848      3413.33
      16.151     0.999756        17849      4096.00
      16.543     0.999780        17851      4551.11
      16.543     0.999805        17851      5120.00
      16.543     0.999829        17851      5851.43
      16.543     0.999854        17851      6826.67
      16.543     0.999878        17851      8192.00
      17.295     0.999890        17852      9102.22
      17.295     0.999902        17852     10240.00
      17.295     0.999915        17852     11702.86
      17.295     0.999927        17852     13653.33
      17.295     0.999939        17852     16384.00
      26.175     0.999945        17853     18204.44
      26.175     1.000000        17853          inf
#[Mean    =        1.194, StdDeviation   =        0.480]
#[Max     =       26.160, Total count    =        17853]
#[Buckets =           27, SubBuckets     =         2048]
-----------------------------------------------------------------------
  26609 requests in 30.02s, 4.44MB read
Requests/sec:    886.39  
Transfer/sec:    151.48KB
