Running 30s test @ http://10.111.138.180:8080/wrk2-api/home-timeline/read
  4 threads and 200 connections

  Thread calibration: mean lat.: 1.961ms, rate sampling interval: 10ms
  Thread calibration: mean lat.: 2.029ms, rate sampling interval: 10ms
  Thread calibration: mean lat.: 2.230ms, rate sampling interval: 10ms
  Thread calibration: mean lat.: 1.927ms, rate sampling interval: 10ms

-----------------------------------------------------------------------
Test Results @ http://10.111.138.180:8080/wrk2-api/home-timeline/read 
  Thread Stats   Avg      Stdev     99%   +/- Stdev
    Latency     1.15ms  235.82us   1.81ms   83.10%
    Req/Sec   263.87    166.28   700.00     75.52%
  Latency Distribution (HdrHistogram - Recorded Latency)
 50.000%    1.12ms
 75.000%    1.24ms
 90.000%    1.39ms
 99.000%    1.81ms
 99.900%    3.12ms
 99.990%    7.66ms
 99.999%    7.85ms
100.000%    7.85ms

  Detailed Percentile spectrum:
       Value   Percentile   TotalCount 1/(1-Percentile)

       0.718     0.000000            1         1.00
       0.942     0.100000         2012         1.11
       0.998     0.200000         4036         1.25
       1.042     0.300000         6014         1.43
       1.084     0.400000         8014         1.67
       1.122     0.500000        10008         2.00
       1.143     0.550000        11049         2.22
       1.164     0.600000        12029         2.50
       1.187     0.650000        13031         2.86
       1.211     0.700000        14006         3.33
       1.242     0.750000        15017         4.00
       1.261     0.775000        15506         4.44
       1.280     0.800000        15998         5.00
       1.303     0.825000        16511         5.71
       1.329     0.850000        16996         6.67
       1.359     0.875000        17496         8.00
       1.375     0.887500        17757         8.89
       1.391     0.900000        18002        10.00
       1.409     0.912500        18247        11.43
       1.434     0.925000        18502        13.33
       1.459     0.937500        18762        16.00
       1.474     0.943750        18881        17.78
       1.492     0.950000        19007        20.00
       1.512     0.956250        19124        22.86
       1.535     0.962500        19246        26.67
       1.561     0.968750        19372        32.00
       1.576     0.971875        19434        35.56
       1.598     0.975000        19500        40.00
       1.624     0.978125        19558        45.71
       1.658     0.981250        19621        53.33
       1.702     0.984375        19684        64.00
       1.721     0.985938        19714        71.11
       1.757     0.987500        19747        80.00
       1.793     0.989062        19777        91.43
       1.831     0.990625        19810       106.67
       1.894     0.992188        19839       128.00
       1.927     0.992969        19855       142.22
       1.976     0.993750        19871       160.00
       2.025     0.994531        19886       182.86
       2.081     0.995313        19902       213.33
       2.151     0.996094        19917       256.00
       2.231     0.996484        19925       284.44
       2.271     0.996875        19933       320.00
       2.321     0.997266        19941       365.71
       2.397     0.997656        19949       426.67
       2.499     0.998047        19956       512.00
       2.569     0.998242        19960       568.89
       2.733     0.998437        19964       640.00
       2.787     0.998633        19968       731.43
       3.023     0.998828        19972       853.33
       3.243     0.999023        19976      1024.00
       3.371     0.999121        19978      1137.78
       3.615     0.999219        19980      1280.00
       3.661     0.999316        19982      1462.86
       3.743     0.999414        19984      1706.67
       4.423     0.999512        19986      2048.00
       4.443     0.999561        19987      2275.56
       4.739     0.999609        19988      2560.00
       5.003     0.999658        19989      2925.71
       6.515     0.999707        19990      3413.33
       6.819     0.999756        19991      4096.00
       6.819     0.999780        19991      4551.11
       7.539     0.999805        19992      5120.00
       7.539     0.999829        19992      5851.43
       7.659     0.999854        19993      6826.67
       7.659     0.999878        19993      8192.00
       7.659     0.999890        19993      9102.22
       7.707     0.999902        19994     10240.00
       7.707     0.999915        19994     11702.86
       7.707     0.999927        19994     13653.33
       7.707     0.999939        19994     16384.00
       7.707     0.999945        19994     18204.44
       7.851     0.999951        19995     20480.00
       7.851     1.000000        19995          inf
#[Mean    =        1.155, StdDeviation   =        0.236]
#[Max     =        7.848, Total count    =        19995]
#[Buckets =           27, SubBuckets     =         2048]
-----------------------------------------------------------------------
  29918 requests in 30.01s, 4.99MB read
Requests/sec:    996.79  
Transfer/sec:    170.35KB
