Running 30s test @ http://10.111.138.180:8080/wrk2-api/home-timeline/read
  4 threads and 200 connections

  Thread calibration: mean lat.: 1.380ms, rate sampling interval: 10ms
  Thread calibration: mean lat.: 1.337ms, rate sampling interval: 10ms
  Thread calibration: mean lat.: 1.349ms, rate sampling interval: 10ms
  Thread calibration: mean lat.: 1.242ms, rate sampling interval: 10ms

-----------------------------------------------------------------------
Test Results @ http://10.111.138.180:8080/wrk2-api/home-timeline/read 
  Thread Stats   Avg      Stdev     99%   +/- Stdev
    Latency     1.22ms  196.16us   1.73ms   78.99%
    Req/Sec   131.52    117.52   444.00     58.18%
  Latency Distribution (HdrHistogram - Recorded Latency)
 50.000%    1.20ms
 75.000%    1.31ms
 90.000%    1.42ms
 99.000%    1.73ms
 99.900%    3.18ms
 99.990%    3.79ms
 99.999%    4.15ms
100.000%    4.15ms

  Detailed Percentile spectrum:
       Value   Percentile   TotalCount 1/(1-Percentile)

       0.711     0.000000            1         1.00
       1.017     0.100000         1006         1.11
       1.077     0.200000         1994         1.25
       1.122     0.300000         2990         1.43
       1.161     0.400000         4011         1.67
       1.196     0.500000         4990         2.00
       1.215     0.550000         5494         2.22
       1.235     0.600000         5999         2.50
       1.256     0.650000         6485         2.86
       1.279     0.700000         6985         3.33
       1.306     0.750000         7481         4.00
       1.321     0.775000         7734         4.44
       1.336     0.800000         7979         5.00
       1.354     0.825000         8220         5.71
       1.374     0.850000         8474         6.67
       1.396     0.875000         8723         8.00
       1.406     0.887500         8848         8.89
       1.422     0.900000         8973        10.00
       1.434     0.912500         9096        11.43
       1.451     0.925000         9220        13.33
       1.470     0.937500         9340        16.00
       1.481     0.943750         9400        17.78
       1.492     0.950000         9462        20.00
       1.509     0.956250         9527        22.86
       1.527     0.962500         9588        26.67
       1.550     0.968750         9651        32.00
       1.567     0.971875         9680        35.56
       1.581     0.975000         9711        40.00
       1.600     0.978125         9745        45.71
       1.623     0.981250         9774        53.33
       1.659     0.984375         9807        64.00
       1.668     0.985938         9823        71.11
       1.685     0.987500         9837        80.00
       1.711     0.989062         9852        91.43
       1.736     0.990625         9867       106.67
       1.788     0.992188         9883       128.00
       1.813     0.992969         9890       142.22
       1.860     0.993750         9898       160.00
       1.920     0.994531         9906       182.86
       2.137     0.995313         9914       213.33
       2.225     0.996094         9923       256.00
       2.271     0.996484         9925       284.44
       2.427     0.996875         9929       320.00
       2.571     0.997266         9933       365.71
       2.811     0.997656         9937       426.67
       2.887     0.998047         9941       512.00
       3.003     0.998242         9943       568.89
       3.089     0.998437         9946       640.00
       3.109     0.998633         9947       731.43
       3.151     0.998828         9949       853.33
       3.189     0.999023         9951      1024.00
       3.221     0.999121         9952      1137.78
       3.227     0.999219         9953      1280.00
       3.289     0.999316         9954      1462.86
       3.437     0.999414         9955      1706.67
       3.579     0.999512         9956      2048.00
       3.579     0.999561         9956      2275.56
       3.627     0.999609         9957      2560.00
       3.627     0.999658         9957      2925.71
       3.665     0.999707         9958      3413.33
       3.665     0.999756         9958      4096.00
       3.665     0.999780         9958      4551.11
       3.791     0.999805         9959      5120.00
       3.791     0.999829         9959      5851.43
       3.791     0.999854         9959      6826.67
       3.791     0.999878         9959      8192.00
       3.791     0.999890         9959      9102.22
       4.147     0.999902         9960     10240.00
       4.147     1.000000         9960          inf
#[Mean    =        1.216, StdDeviation   =        0.196]
#[Max     =        4.144, Total count    =         9960]
#[Buckets =           27, SubBuckets     =         2048]
-----------------------------------------------------------------------
  14837 requests in 30.03s, 2.48MB read
  Socket errors: connect 0, read 0, write 0, timeout 25
Requests/sec:    494.04  
Transfer/sec:     84.43KB
