Running 30s test @ http://10.111.138.180:8080/wrk2-api/home-timeline/read
  4 threads and 200 connections

  Thread calibration: mean lat.: 1.319ms, rate sampling interval: 10ms
  Thread calibration: mean lat.: 1.270ms, rate sampling interval: 10ms
  Thread calibration: mean lat.: 1.292ms, rate sampling interval: 10ms
  Thread calibration: mean lat.: 1.223ms, rate sampling interval: 10ms

-----------------------------------------------------------------------
Test Results @ http://10.111.138.180:8080/wrk2-api/home-timeline/read 
  Thread Stats   Avg      Stdev     99%   +/- Stdev
    Latency     1.21ms  199.49us   1.70ms   79.18%
    Req/Sec   156.84    128.84   500.00     57.98%
  Latency Distribution (HdrHistogram - Recorded Latency)
 50.000%    1.18ms
 75.000%    1.30ms
 90.000%    1.42ms
 99.000%    1.70ms
 99.900%    3.47ms
 99.990%    3.95ms
 99.999%    4.07ms
100.000%    4.07ms

  Detailed Percentile spectrum:
       Value   Percentile   TotalCount 1/(1-Percentile)

       0.752     0.000000            1         1.00
       1.006     0.100000         1201         1.11
       1.062     0.200000         2380         1.25
       1.106     0.300000         3570         1.43
       1.147     0.400000         4777         1.67
       1.185     0.500000         5965         2.00
       1.204     0.550000         6552         2.22
       1.222     0.600000         7127         2.50
       1.244     0.650000         7745         2.86
       1.269     0.700000         8334         3.33
       1.296     0.750000         8915         4.00
       1.311     0.775000         9206         4.44
       1.328     0.800000         9525         5.00
       1.345     0.825000         9800         5.71
       1.367     0.850000        10102         6.67
       1.390     0.875000        10397         8.00
       1.403     0.887500        10555         8.89
       1.416     0.900000        10693        10.00
       1.431     0.912500        10838        11.43
       1.451     0.925000        10993        13.33
       1.468     0.937500        11134        16.00
       1.479     0.943750        11210        17.78
       1.495     0.950000        11289        20.00
       1.512     0.956250        11357        22.86
       1.528     0.962500        11434        26.67
       1.545     0.968750        11506        32.00
       1.557     0.971875        11545        35.56
       1.571     0.975000        11582        40.00
       1.588     0.978125        11617        45.71
       1.611     0.981250        11658        53.33
       1.637     0.984375        11691        64.00
       1.650     0.985938        11709        71.11
       1.661     0.987500        11728        80.00
       1.687     0.989062        11747        91.43
       1.725     0.990625        11765       106.67
       1.789     0.992188        11785       128.00
       1.820     0.992969        11793       142.22
       1.888     0.993750        11802       160.00
       2.017     0.994531        11812       182.86
       2.129     0.995313        11821       213.33
       2.239     0.996094        11830       256.00
       2.307     0.996484        11835       284.44
       2.361     0.996875        11839       320.00
       2.405     0.997266        11844       365.71
       2.553     0.997656        11849       426.67
       2.707     0.998047        11853       512.00
       2.851     0.998242        11856       568.89
       3.055     0.998437        11858       640.00
       3.181     0.998633        11860       731.43
       3.433     0.998828        11863       853.33
       3.487     0.999023        11865      1024.00
       3.507     0.999121        11866      1137.78
       3.563     0.999219        11867      1280.00
       3.583     0.999316        11868      1462.86
       3.677     0.999414        11870      1706.67
       3.699     0.999512        11871      2048.00
       3.699     0.999561        11871      2275.56
       3.737     0.999609        11872      2560.00
       3.737     0.999658        11872      2925.71
       3.751     0.999707        11873      3413.33
       3.767     0.999756        11874      4096.00
       3.767     0.999780        11874      4551.11
       3.767     0.999805        11874      5120.00
       3.767     0.999829        11874      5851.43
       3.955     0.999854        11875      6826.67
       3.955     0.999878        11875      8192.00
       3.955     0.999890        11875      9102.22
       3.955     0.999902        11875     10240.00
       3.955     0.999915        11875     11702.86
       4.073     0.999927        11876     13653.33
       4.073     1.000000        11876          inf
#[Mean    =        1.205, StdDeviation   =        0.199]
#[Max     =        4.072, Total count    =        11876]
#[Buckets =           27, SubBuckets     =         2048]
-----------------------------------------------------------------------
  17862 requests in 30.01s, 2.98MB read
  Socket errors: connect 0, read 0, write 0, timeout 6
Requests/sec:    595.20  
Transfer/sec:    101.72KB
