Running 30s test @ http://10.111.138.180:8080/wrk2-api/home-timeline/read
  4 threads and 200 connections

  Thread calibration: mean lat.: 1.455ms, rate sampling interval: 10ms
  Thread calibration: mean lat.: 1.542ms, rate sampling interval: 10ms
  Thread calibration: mean lat.: 1.388ms, rate sampling interval: 10ms
  Thread calibration: mean lat.: 1.515ms, rate sampling interval: 10ms

-----------------------------------------------------------------------
Test Results @ http://10.111.138.180:8080/wrk2-api/home-timeline/read 
  Thread Stats   Avg      Stdev     99%   +/- Stdev
    Latency     1.20ms  218.92us   1.76ms   80.83%
    Req/Sec   181.59    139.21   555.00     65.64%
  Latency Distribution (HdrHistogram - Recorded Latency)
 50.000%    1.17ms
 75.000%    1.29ms
 90.000%    1.42ms
 99.000%    1.76ms
 99.900%    3.48ms
 99.990%    5.14ms
 99.999%    5.22ms
100.000%    5.22ms

  Detailed Percentile spectrum:
       Value   Percentile   TotalCount 1/(1-Percentile)

       0.710     0.000000            1         1.00
       0.986     0.100000         1379         1.11
       1.044     0.200000         2779         1.25
       1.089     0.300000         4151         1.43
       1.130     0.400000         5524         1.67
       1.170     0.500000         6910         2.00
       1.189     0.550000         7577         2.22
       1.210     0.600000         8256         2.50
       1.234     0.650000         8976         2.86
       1.259     0.700000         9651         3.33
       1.289     0.750000        10342         4.00
       1.305     0.775000        10667         4.44
       1.324     0.800000        11017         5.00
       1.345     0.825000        11352         5.71
       1.368     0.850000        11707         6.67
       1.392     0.875000        12042         8.00
       1.406     0.887500        12214         8.89
       1.421     0.900000        12388        10.00
       1.439     0.912500        12559        11.43
       1.458     0.925000        12738        13.33
       1.477     0.937500        12901        16.00
       1.491     0.943750        12993        17.78
       1.505     0.950000        13072        20.00
       1.526     0.956250        13161        22.86
       1.546     0.962500        13248        26.67
       1.567     0.968750        13334        32.00
       1.581     0.971875        13377        35.56
       1.599     0.975000        13416        40.00
       1.621     0.978125        13460        45.71
       1.647     0.981250        13503        53.33
       1.678     0.984375        13545        64.00
       1.703     0.985938        13566        71.11
       1.722     0.987500        13588        80.00
       1.751     0.989062        13610        91.43
       1.782     0.990625        13633       106.67
       1.835     0.992188        13652       128.00
       1.888     0.992969        13663       142.22
       1.930     0.993750        13675       160.00
       1.965     0.994531        13684       182.86
       2.099     0.995313        13695       213.33
       2.261     0.996094        13706       256.00
       2.305     0.996484        13711       284.44
       2.353     0.996875        13717       320.00
       2.419     0.997266        13722       365.71
       2.467     0.997656        13727       426.67
       2.685     0.998047        13733       512.00
       2.755     0.998242        13735       568.89
       2.891     0.998437        13738       640.00
       3.117     0.998633        13741       731.43
       3.357     0.998828        13743       853.33
       3.617     0.999023        13746      1024.00
       3.715     0.999121        13747      1137.78
       4.009     0.999219        13749      1280.00
       4.067     0.999316        13750      1462.86
       4.443     0.999414        13751      1706.67
       4.503     0.999512        13753      2048.00
       4.503     0.999561        13753      2275.56
       4.827     0.999609        13754      2560.00
       4.883     0.999658        13755      2925.71
       4.883     0.999707        13755      3413.33
       4.919     0.999756        13756      4096.00
       4.919     0.999780        13756      4551.11
       5.123     0.999805        13757      5120.00
       5.123     0.999829        13757      5851.43
       5.123     0.999854        13757      6826.67
       5.135     0.999878        13758      8192.00
       5.135     0.999890        13758      9102.22
       5.135     0.999902        13758     10240.00
       5.135     0.999915        13758     11702.86
       5.135     0.999927        13758     13653.33
       5.223     0.999939        13759     16384.00
       5.223     1.000000        13759          inf
#[Mean    =        1.196, StdDeviation   =        0.219]
#[Max     =        5.220, Total count    =        13759]
#[Buckets =           27, SubBuckets     =         2048]
-----------------------------------------------------------------------
  20736 requests in 30.01s, 3.46MB read
  Socket errors: connect 0, read 0, write 0, timeout 2
Requests/sec:    691.06  
Transfer/sec:    118.10KB
