Running 30s test @ http://10.111.138.180:8080/wrk2-api/home-timeline/read
  4 threads and 200 connections

  Thread calibration: mean lat.: 1.373ms, rate sampling interval: 10ms
  Thread calibration: mean lat.: 1.490ms, rate sampling interval: 10ms
  Thread calibration: mean lat.: 1.439ms, rate sampling interval: 10ms
  Thread calibration: mean lat.: 1.451ms, rate sampling interval: 10ms

-----------------------------------------------------------------------
Test Results @ http://10.111.138.180:8080/wrk2-api/home-timeline/read 
  Thread Stats   Avg      Stdev     99%   +/- Stdev
    Latency     1.17ms  202.13us   1.76ms   78.25%
    Req/Sec   209.78    150.72   666.00     71.95%
  Latency Distribution (HdrHistogram - Recorded Latency)
 50.000%    1.14ms
 75.000%    1.26ms
 90.000%    1.39ms
 99.000%    1.76ms
 99.900%    3.04ms
 99.990%    4.42ms
 99.999%    4.62ms
100.000%    4.62ms

  Detailed Percentile spectrum:
       Value   Percentile   TotalCount 1/(1-Percentile)

       0.758     0.000000            1         1.00
       0.965     0.100000         1592         1.11
       1.023     0.200000         3202         1.25
       1.067     0.300000         4803         1.43
       1.105     0.400000         6355         1.67
       1.144     0.500000         7959         2.00
       1.163     0.550000         8746         2.22
       1.184     0.600000         9567         2.50
       1.206     0.650000        10332         2.86
       1.231     0.700000        11131         3.33
       1.259     0.750000        11921         4.00
       1.276     0.775000        12325         4.44
       1.295     0.800000        12714         5.00
       1.315     0.825000        13118         5.71
       1.337     0.850000        13507         6.67
       1.361     0.875000        13912         8.00
       1.376     0.887500        14097         8.89
       1.393     0.900000        14299        10.00
       1.411     0.912500        14501        11.43
       1.431     0.925000        14701        13.33
       1.455     0.937500        14897        16.00
       1.469     0.943750        14998        17.78
       1.484     0.950000        15099        20.00
       1.501     0.956250        15191        22.86
       1.526     0.962500        15290        26.67
       1.550     0.968750        15388        32.00
       1.565     0.971875        15438        35.56
       1.583     0.975000        15486        40.00
       1.605     0.978125        15538        45.71
       1.629     0.981250        15587        53.33
       1.662     0.984375        15635        64.00
       1.678     0.985938        15660        71.11
       1.706     0.987500        15685        80.00
       1.744     0.989062        15710        91.43
       1.792     0.990625        15735       106.67
       1.857     0.992188        15759       128.00
       1.909     0.992969        15772       142.22
       1.977     0.993750        15785       160.00
       2.038     0.994531        15797       182.86
       2.071     0.995313        15809       213.33
       2.141     0.996094        15821       256.00
       2.175     0.996484        15829       284.44
       2.195     0.996875        15835       320.00
       2.231     0.997266        15840       365.71
       2.265     0.997656        15846       426.67
       2.361     0.998047        15852       512.00
       2.483     0.998242        15856       568.89
       2.651     0.998437        15859       640.00
       2.717     0.998633        15862       731.43
       2.887     0.998828        15865       853.33
       3.111     0.999023        15868      1024.00
       3.197     0.999121        15870      1137.78
       3.243     0.999219        15871      1280.00
       3.453     0.999316        15873      1462.86
       3.461     0.999414        15874      1706.67
       3.581     0.999512        15876      2048.00
       3.591     0.999561        15877      2275.56
       3.591     0.999609        15877      2560.00
       3.595     0.999658        15878      2925.71
       3.619     0.999707        15879      3413.33
       3.961     0.999756        15880      4096.00
       3.961     0.999780        15880      4551.11
       3.961     0.999805        15880      5120.00
       4.423     0.999829        15881      5851.43
       4.423     0.999854        15881      6826.67
       4.519     0.999878        15882      8192.00
       4.519     0.999890        15882      9102.22
       4.519     0.999902        15882     10240.00
       4.519     0.999915        15882     11702.86
       4.519     0.999927        15882     13653.33
       4.623     0.999939        15883     16384.00
       4.623     1.000000        15883          inf
#[Mean    =        1.170, StdDeviation   =        0.202]
#[Max     =        4.620, Total count    =        15883]
#[Buckets =           27, SubBuckets     =         2048]
-----------------------------------------------------------------------
  23866 requests in 30.01s, 3.98MB read
  Socket errors: connect 0, read 0, write 0, timeout 1
Requests/sec:    795.31  
Transfer/sec:    135.92KB
