Running 30s test @ http://10.111.138.180:8080/wrk2-api/post/compose
  4 threads and 200 connections

  Thread calibration: mean lat.: 4443.575ms, rate sampling interval: 13352ms
  Thread calibration: mean lat.: 4472.459ms, rate sampling interval: 13271ms
  Thread calibration: mean lat.: 4449.408ms, rate sampling interval: 13230ms
  Thread calibration: mean lat.: 4433.884ms, rate sampling interval: 13418ms

-----------------------------------------------------------------------
Test Results @ http://10.111.138.180:8080/wrk2-api/post/compose 
  Thread Stats   Avg      Stdev     99%   +/- Stdev
    Latency    13.79s     4.06s   20.89s    58.91%
    Req/Sec    73.50      0.50    74.00    100.00%
  Latency Distribution (HdrHistogram - Recorded Latency)
 50.000%   14.05s 
 75.000%   17.24s 
 90.000%   19.07s 
 99.000%   20.89s 
 99.900%   22.40s 
 99.990%   22.81s 
 99.999%   22.97s 
100.000%   22.97s 

  Detailed Percentile spectrum:
       Value   Percentile   TotalCount 1/(1-Percentile)

    4077.567     0.000000            1         1.00
    8126.463     0.100000          686         1.11
    9625.599     0.200000         1366         1.25
   11116.543     0.300000         2056         1.43
   12648.447     0.400000         2730         1.67
   14049.279     0.500000         3413         2.00
   14704.639     0.550000         3758         2.22
   15343.615     0.600000         4100         2.50
   15966.207     0.650000         4439         2.86
   16637.951     0.700000         4780         3.33
   17235.967     0.750000         5123         4.00
   17596.415     0.775000         5292         4.44
   17940.479     0.800000         5474         5.00
   18186.239     0.825000         5634         5.71
   18464.767     0.850000         5805         6.67
   18743.295     0.875000         5972         8.00
   18890.751     0.887500         6059         8.89
   19070.975     0.900000         6143        10.00
   19267.583     0.912500         6236        11.43
   19431.423     0.925000         6315        13.33
   19628.031     0.937500         6400        16.00
   19726.335     0.943750         6444        17.78
   19808.255     0.950000         6487        20.00
   19890.175     0.956250         6526        22.86
   20021.247     0.962500         6575        26.67
   20135.935     0.968750         6611        32.00
   20217.855     0.971875         6633        35.56
   20316.159     0.975000         6662        40.00
   20381.695     0.978125         6675        45.71
   20496.383     0.981250         6699        53.33
   20660.223     0.984375         6718        64.00
   20725.759     0.985938         6730        71.11
   20791.295     0.987500         6741        80.00
   20873.215     0.989062         6752        91.43
   20955.135     0.990625         6764       106.67
   21053.439     0.992188         6771       128.00
   21118.975     0.992969         6778       142.22
   21217.279     0.993750         6782       160.00
   21381.119     0.994531         6788       182.86
   21528.575     0.995313         6794       213.33
   21626.879     0.996094         6798       256.00
   21676.031     0.996484         6801       284.44
   21757.951     0.996875         6803       320.00
   21872.639     0.997266         6806       365.71
   21987.327     0.997656         6810       426.67
   22003.711     0.998047         6811       512.00
   22069.247     0.998242         6813       568.89
   22183.935     0.998437         6814       640.00
   22265.855     0.998633         6815       731.43
   22396.927     0.998828         6817       853.33
   22462.463     0.999023         6818      1024.00
   22478.847     0.999121         6819      1137.78
   22478.847     0.999219         6819      1280.00
   22511.615     0.999316         6820      1462.86
   22577.151     0.999414         6821      1706.67
   22577.151     0.999512         6821      2048.00
   22626.303     0.999561         6822      2275.56
   22626.303     0.999609         6822      2560.00
   22626.303     0.999658         6822      2925.71
   22806.527     0.999707         6823      3413.33
   22806.527     0.999756         6823      4096.00
   22806.527     0.999780         6823      4551.11
   22806.527     0.999805         6823      5120.00
   22806.527     0.999829         6823      5851.43
   22970.367     0.999854         6824      6826.67
   22970.367     1.000000         6824          inf
#[Mean    =    13786.595, StdDeviation   =     4061.670]
#[Max     =    22953.984, Total count    =         6824]
#[Buckets =           27, SubBuckets     =         2048]
-----------------------------------------------------------------------
  9293 requests in 30.01s, 1.69MB read
Requests/sec:    309.63  
Transfer/sec:     57.75KB
