Running 30s test @ http://10.111.138.180:8080/wrk2-api/home-timeline/read
  4 threads and 200 connections

  Thread calibration: mean lat.: 1.562ms, rate sampling interval: 10ms
  Thread calibration: mean lat.: 1.730ms, rate sampling interval: 10ms
  Thread calibration: mean lat.: 1.180ms, rate sampling interval: 10ms
  Thread calibration: mean lat.: 1.542ms, rate sampling interval: 10ms

-----------------------------------------------------------------------
Test Results @ http://10.111.138.180:8080/wrk2-api/home-timeline/read 
  Thread Stats   Avg      Stdev     99%   +/- Stdev
    Latency     1.17ms  282.66us   1.88ms   89.79%
    Req/Sec   235.94    162.41   700.00     69.49%
  Latency Distribution (HdrHistogram - Recorded Latency)
 50.000%    1.13ms
 75.000%    1.25ms
 90.000%    1.40ms
 99.000%    1.88ms
 99.900%    3.85ms
 99.990%    9.33ms
 99.999%    9.44ms
100.000%    9.44ms

  Detailed Percentile spectrum:
       Value   Percentile   TotalCount 1/(1-Percentile)

       0.743     0.000000            1         1.00
       0.953     0.100000         1796         1.11
       1.011     0.200000         3585         1.25
       1.056     0.300000         5391         1.43
       1.095     0.400000         7154         1.67
       1.134     0.500000         8955         2.00
       1.153     0.550000         9821         2.22
       1.175     0.600000        10740         2.50
       1.197     0.650000        11606         2.86
       1.223     0.700000        12517         3.33
       1.253     0.750000        13405         4.00
       1.271     0.775000        13840         4.44
       1.290     0.800000        14292         5.00
       1.312     0.825000        14736         5.71
       1.337     0.850000        15180         6.67
       1.366     0.875000        15631         8.00
       1.382     0.887500        15843         8.89
       1.400     0.900000        16074        10.00
       1.422     0.912500        16301        11.43
       1.444     0.925000        16520        13.33
       1.468     0.937500        16737        16.00
       1.485     0.943750        16852        17.78
       1.501     0.950000        16959        20.00
       1.522     0.956250        17073        22.86
       1.549     0.962500        17183        26.67
       1.575     0.968750        17294        32.00
       1.597     0.971875        17350        35.56
       1.623     0.975000        17405        40.00
       1.648     0.978125        17462        45.71
       1.686     0.981250        17517        53.33
       1.724     0.984375        17574        64.00
       1.753     0.985938        17601        71.11
       1.797     0.987500        17628        80.00
       1.841     0.989062        17656        91.43
       1.906     0.990625        17684       106.67
       1.982     0.992188        17713       128.00
       2.002     0.992969        17726       142.22
       2.051     0.993750        17741       160.00
       2.133     0.994531        17754       182.86
       2.207     0.995313        17768       213.33
       2.269     0.996094        17782       256.00
       2.293     0.996484        17789       284.44
       2.343     0.996875        17796       320.00
       2.473     0.997266        17803       365.71
       2.633     0.997656        17810       426.67
       2.921     0.998047        17817       512.00
       3.033     0.998242        17820       568.89
       3.137     0.998437        17824       640.00
       3.325     0.998633        17827       731.43
       3.681     0.998828        17831       853.33
       3.891     0.999023        17834      1024.00
       4.623     0.999121        17836      1137.78
       5.815     0.999219        17838      1280.00
       6.055     0.999316        17839      1462.86
       6.667     0.999414        17841      1706.67
       6.875     0.999512        17843      2048.00
       7.879     0.999561        17844      2275.56
       8.139     0.999609        17845      2560.00
       8.139     0.999658        17845      2925.71
       8.431     0.999707        17846      3413.33
       8.583     0.999756        17847      4096.00
       8.847     0.999780        17848      4551.11
       8.847     0.999805        17848      5120.00
       8.847     0.999829        17848      5851.43
       9.327     0.999854        17850      6826.67
       9.327     0.999878        17850      8192.00
       9.327     0.999890        17850      9102.22
       9.327     0.999902        17850     10240.00
       9.327     0.999915        17850     11702.86
       9.327     0.999927        17850     13653.33
       9.327     0.999939        17850     16384.00
       9.439     0.999945        17851     18204.44
       9.439     1.000000        17851          inf
#[Mean    =        1.170, StdDeviation   =        0.283]
#[Max     =        9.432, Total count    =        17851]
#[Buckets =           27, SubBuckets     =         2048]
-----------------------------------------------------------------------
  26612 requests in 30.01s, 4.44MB read
Requests/sec:    886.88  
Transfer/sec:    151.57KB
