Running 30s test @ http://10.111.138.180:8080/wrk2-api/home-timeline/read
  4 threads and 200 connections

  Thread calibration: mean lat.: 2.294ms, rate sampling interval: 10ms
  Thread calibration: mean lat.: 2.240ms, rate sampling interval: 10ms
  Thread calibration: mean lat.: 2.665ms, rate sampling interval: 10ms
  Thread calibration: mean lat.: 1.950ms, rate sampling interval: 10ms

-----------------------------------------------------------------------
Test Results @ http://10.111.138.180:8080/wrk2-api/home-timeline/read 
  Thread Stats   Avg      Stdev     99%   +/- Stdev
    Latency     1.15ms  205.55us   1.79ms   77.37%
    Req/Sec   264.31    169.10   700.00     74.19%
  Latency Distribution (HdrHistogram - Recorded Latency)
 50.000%    1.12ms
 75.000%    1.24ms
 90.000%    1.39ms
 99.000%    1.79ms
 99.900%    3.05ms
 99.990%    3.97ms
 99.999%    4.09ms
100.000%    4.09ms

  Detailed Percentile spectrum:
       Value   Percentile   TotalCount 1/(1-Percentile)

       0.701     0.000000            1         1.00
       0.944     0.100000         2017         1.11
       1.003     0.200000         4034         1.25
       1.044     0.300000         6018         1.43
       1.085     0.400000         8014         1.67
       1.124     0.500000        10018         2.00
       1.143     0.550000        11023         2.22
       1.164     0.600000        12034         2.50
       1.188     0.650000        13030         2.86
       1.212     0.700000        14019         3.33
       1.242     0.750000        14999         4.00
       1.259     0.775000        15508         4.44
       1.279     0.800000        16007         5.00
       1.302     0.825000        16505         5.71
       1.327     0.850000        17004         6.67
       1.356     0.875000        17492         8.00
       1.371     0.887500        17744         8.89
       1.388     0.900000        17991        10.00
       1.409     0.912500        18251        11.43
       1.430     0.925000        18502        13.33
       1.457     0.937500        18746        16.00
       1.470     0.943750        18876        17.78
       1.482     0.950000        18991        20.00
       1.504     0.956250        19118        22.86
       1.529     0.962500        19244        26.67
       1.554     0.968750        19366        32.00
       1.571     0.971875        19431        35.56
       1.590     0.975000        19494        40.00
       1.623     0.978125        19554        45.71
       1.659     0.981250        19616        53.33
       1.695     0.984375        19679        64.00
       1.714     0.985938        19709        71.11
       1.737     0.987500        19743        80.00
       1.761     0.989062        19772        91.43
       1.796     0.990625        19803       106.67
       1.845     0.992188        19834       128.00
       1.866     0.992969        19850       142.22
       1.901     0.993750        19866       160.00
       1.980     0.994531        19881       182.86
       2.043     0.995313        19897       213.33
       2.133     0.996094        19912       256.00
       2.173     0.996484        19920       284.44
       2.199     0.996875        19928       320.00
       2.255     0.997266        19936       365.71
       2.305     0.997656        19944       426.67
       2.375     0.998047        19951       512.00
       2.401     0.998242        19955       568.89
       2.481     0.998437        19959       640.00
       2.595     0.998633        19963       731.43
       2.869     0.998828        19967       853.33
       3.125     0.999023        19971      1024.00
       3.159     0.999121        19973      1137.78
       3.183     0.999219        19975      1280.00
       3.357     0.999316        19977      1462.86
       3.457     0.999414        19979      1706.67
       3.495     0.999512        19981      2048.00
       3.551     0.999561        19982      2275.56
       3.667     0.999609        19983      2560.00
       3.681     0.999658        19984      2925.71
       3.695     0.999707        19985      3413.33
       3.721     0.999756        19986      4096.00
       3.721     0.999780        19986      4551.11
       3.789     0.999805        19987      5120.00
       3.789     0.999829        19987      5851.43
       3.967     0.999854        19988      6826.67
       3.967     0.999878        19988      8192.00
       3.967     0.999890        19988      9102.22
       4.001     0.999902        19989     10240.00
       4.001     0.999915        19989     11702.86
       4.001     0.999927        19989     13653.33
       4.001     0.999939        19989     16384.00
       4.001     0.999945        19989     18204.44
       4.085     0.999951        19990     20480.00
       4.085     1.000000        19990          inf
#[Mean    =        1.153, StdDeviation   =        0.206]
#[Max     =        4.084, Total count    =        19990]
#[Buckets =           27, SubBuckets     =         2048]
-----------------------------------------------------------------------
  29896 requests in 30.01s, 4.99MB read
Requests/sec:    996.18  
Transfer/sec:    170.25KB
