Running 30s test @ http://10.111.138.180:8080/wrk2-api/post/compose
  4 threads and 200 connections

  Thread calibration: mean lat.: 4954.276ms, rate sampling interval: 14655ms
  Thread calibration: mean lat.: 5047.902ms, rate sampling interval: 14499ms
  Thread calibration: mean lat.: 4987.133ms, rate sampling interval: 14319ms
  Thread calibration: mean lat.: 5017.862ms, rate sampling interval: 14221ms

-----------------------------------------------------------------------
Test Results @ http://10.111.138.180:8080/wrk2-api/post/compose 
  Thread Stats   Avg      Stdev     99%   +/- Stdev
    Latency    12.05s     1.80s   16.20s    70.64%
    Req/Sec   164.50      0.50   165.00    100.00%
  Latency Distribution (HdrHistogram - Recorded Latency)
 50.000%   12.17s 
 75.000%   13.21s 
 90.000%   14.26s 
 99.000%   16.20s 
 99.900%   17.53s 
 99.990%   18.64s 
 99.999%   19.07s 
100.000%   19.07s 

  Detailed Percentile spectrum:
       Value   Percentile   TotalCount 1/(1-Percentile)

    5664.767     0.000000            1         1.00
    9633.791     0.100000         1288         1.11
   10657.791     0.200000         2576         1.25
   11296.767     0.300000         3869         1.43
   11771.903     0.400000         5160         1.67
   12165.119     0.500000         6452         2.00
   12353.535     0.550000         7105         2.22
   12541.951     0.600000         7742         2.50
   12763.135     0.650000         8386         2.86
   12976.127     0.700000         9036         3.33
   13205.503     0.750000         9670         4.00
   13336.575     0.775000         9987         4.44
   13484.031     0.800000        10311         5.00
   13631.487     0.825000        10624         5.71
   13803.519     0.850000        10953         6.67
   14000.127     0.875000        11267         8.00
   14131.199     0.887500        11436         8.89
   14270.463     0.900000        11599        10.00
   14401.535     0.912500        11752        11.43
   14540.799     0.925000        11918        13.33
   14696.447     0.937500        12082        16.00
   14778.367     0.943750        12155        17.78
   14868.479     0.950000        12237        20.00
   14974.975     0.956250        12313        22.86
   15106.047     0.962500        12397        26.67
   15228.927     0.968750        12476        32.00
   15310.847     0.971875        12517        35.56
   15433.727     0.975000        12559        40.00
   15548.415     0.978125        12596        45.71
   15704.063     0.981250        12635        53.33
   15851.519     0.984375        12675        64.00
   15949.823     0.985938        12697        71.11
   16031.743     0.987500        12716        80.00
   16113.663     0.989062        12736        91.43
   16261.119     0.990625        12757       106.67
   16359.423     0.992188        12777       128.00
   16433.151     0.992969        12786       142.22
   16482.303     0.993750        12796       160.00
   16596.991     0.994531        12806       182.86
   16711.679     0.995313        12816       213.33
   16859.135     0.996094        12826       256.00
   16924.671     0.996484        12832       284.44
   16957.439     0.996875        12836       320.00
   17006.591     0.997266        12841       365.71
   17088.511     0.997656        12846       426.67
   17219.583     0.998047        12851       512.00
   17301.503     0.998242        12854       568.89
   17334.271     0.998437        12856       640.00
   17448.959     0.998633        12859       731.43
   17498.111     0.998828        12861       853.33
   17547.263     0.999023        12864      1024.00
   17661.951     0.999121        12865      1137.78
   17678.335     0.999219        12866      1280.00
   17940.479     0.999316        12868      1462.86
   17973.247     0.999414        12870      1706.67
   17973.247     0.999512        12870      2048.00
   18022.399     0.999561        12871      2275.56
   18022.399     0.999609        12871      2560.00
   18071.551     0.999658        12872      2925.71
   18120.703     0.999707        12873      3413.33
   18120.703     0.999756        12873      4096.00
   18497.535     0.999780        12874      4551.11
   18497.535     0.999805        12874      5120.00
   18497.535     0.999829        12874      5851.43
   18644.991     0.999854        12875      6826.67
   18644.991     0.999878        12875      8192.00
   18644.991     0.999890        12875      9102.22
   18644.991     0.999902        12875     10240.00
   18644.991     0.999915        12875     11702.86
   19070.975     0.999927        12876     13653.33
   19070.975     1.000000        12876          inf
#[Mean    =    12052.792, StdDeviation   =     1801.795]
#[Max     =    19054.592, Total count    =        12876]
#[Buckets =           27, SubBuckets     =         2048]
-----------------------------------------------------------------------
  14987 requests in 30.04s, 2.73MB read
Requests/sec:    498.97  
Transfer/sec:     93.07KB
