Running 30s test @ http://10.111.138.180:8080/wrk2-api/post/compose
  4 threads and 200 connections

  Thread calibration: mean lat.: 3002.335ms, rate sampling interval: 9035ms
  Thread calibration: mean lat.: 3065.530ms, rate sampling interval: 9789ms
  Thread calibration: mean lat.: 2978.281ms, rate sampling interval: 9478ms
  Thread calibration: mean lat.: 3039.047ms, rate sampling interval: 9732ms

-----------------------------------------------------------------------
Test Results @ http://10.111.138.180:8080/wrk2-api/post/compose 
  Thread Stats   Avg      Stdev     99%   +/- Stdev
    Latency     1.32s     2.03s    7.25s    81.26%
    Req/Sec   121.75     23.59   150.00     62.50%
  Latency Distribution (HdrHistogram - Recorded Latency)
 50.000%   10.94ms
 75.000%    2.35s 
 90.000%    4.83s 
 99.000%    7.25s 
 99.900%    8.54s 
 99.990%    9.71s 
 99.999%    9.81s 
100.000%    9.81s 

  Detailed Percentile spectrum:
       Value   Percentile   TotalCount 1/(1-Percentile)

       6.939     0.000000            1         1.00
       8.103     0.100000          967         1.11
       8.591     0.200000         1937         1.25
       9.071     0.300000         2890         1.43
       9.687     0.400000         3857         1.67
      10.935     0.500000         4815         2.00
      13.263     0.550000         5296         2.22
     162.815     0.600000         5778         2.50
     850.431     0.650000         6259         2.86
    1613.823     0.700000         6740         3.33
    2353.151     0.750000         7221         4.00
    2744.319     0.775000         7464         4.44
    3106.815     0.800000         7703         5.00
    3524.607     0.825000         7946         5.71
    3987.455     0.850000         8184         6.67
    4395.007     0.875000         8425         8.00
    4603.903     0.887500         8545         8.89
    4829.183     0.900000         8670        10.00
    5058.559     0.912500         8787        11.43
    5246.975     0.925000         8906        13.33
    5431.295     0.937500         9028        16.00
    5562.367     0.943750         9089        17.78
    5681.151     0.950000         9147        20.00
    5849.087     0.956250         9209        22.86
    6037.503     0.962500         9267        26.67
    6270.975     0.968750         9328        32.00
    6352.895     0.971875         9361        35.56
    6455.295     0.975000         9388        40.00
    6557.695     0.978125         9418        45.71
    6668.287     0.981250         9449        53.33
    6819.839     0.984375         9478        64.00
    6877.183     0.985938         9493        71.11
    7012.351     0.987500         9508        80.00
    7163.903     0.989062         9524        91.43
    7274.495     0.990625         9538       106.67
    7442.431     0.992188         9553       128.00
    7495.679     0.992969         9562       142.22
    7520.255     0.993750         9568       160.00
    7618.559     0.994531         9576       182.86
    7757.823     0.995313         9583       213.33
    7852.031     0.996094         9591       256.00
    7880.703     0.996484         9596       284.44
    7925.759     0.996875         9598       320.00
    7995.391     0.997266         9602       365.71
    8069.119     0.997656         9606       426.67
    8224.767     0.998047         9610       512.00
    8261.631     0.998242         9612       568.89
    8310.783     0.998437         9613       640.00
    8511.487     0.998633         9615       731.43
    8527.871     0.998828         9617       853.33
    8601.599     0.999023         9619      1024.00
    8675.327     0.999121         9620      1137.78
    8716.287     0.999219         9621      1280.00
    8732.671     0.999316         9622      1462.86
    8757.247     0.999414         9623      1706.67
    8773.631     0.999512         9624      2048.00
    8773.631     0.999561         9624      2275.56
    9117.695     0.999609         9625      2560.00
    9117.695     0.999658         9625      2925.71
    9494.527     0.999707         9626      3413.33
    9494.527     0.999756         9626      4096.00
    9494.527     0.999780         9626      4551.11
    9707.519     0.999805         9627      5120.00
    9707.519     0.999829         9627      5851.43
    9707.519     0.999854         9627      6826.67
    9707.519     0.999878         9627      8192.00
    9707.519     0.999890         9627      9102.22
    9805.823     0.999902         9628     10240.00
    9805.823     1.000000         9628          inf
#[Mean    =     1318.668, StdDeviation   =     2031.433]
#[Max     =     9797.632, Total count    =         9628]
#[Buckets =           27, SubBuckets     =         2048]
-----------------------------------------------------------------------
  11878 requests in 30.04s, 2.16MB read
  Socket errors: connect 0, read 0, write 0, timeout 56
Requests/sec:    395.44  
Transfer/sec:     73.76KB
