Running 30s test @ http://10.111.138.180:8080/wrk2-api/home-timeline/read
  4 threads and 200 connections

  Thread calibration: mean lat.: 1.453ms, rate sampling interval: 10ms
  Thread calibration: mean lat.: 1.445ms, rate sampling interval: 10ms
  Thread calibration: mean lat.: 1.465ms, rate sampling interval: 10ms
  Thread calibration: mean lat.: 1.455ms, rate sampling interval: 10ms

-----------------------------------------------------------------------
Test Results @ http://10.111.138.180:8080/wrk2-api/home-timeline/read 
  Thread Stats   Avg      Stdev     99%   +/- Stdev
    Latency     1.22ms  204.88us   1.70ms   80.38%
    Req/Sec   131.33    117.94   444.00     57.67%
  Latency Distribution (HdrHistogram - Recorded Latency)
 50.000%    1.20ms
 75.000%    1.31ms
 90.000%    1.43ms
 99.000%    1.70ms
 99.900%    3.36ms
 99.990%    5.04ms
 99.999%    5.14ms
100.000%    5.14ms

  Detailed Percentile spectrum:
       Value   Percentile   TotalCount 1/(1-Percentile)

       0.700     0.000000            1         1.00
       1.019     0.100000         1006         1.11
       1.079     0.200000         1994         1.25
       1.122     0.300000         2994         1.43
       1.163     0.400000         3998         1.67
       1.200     0.500000         4979         2.00
       1.220     0.550000         5481         2.22
       1.240     0.600000         5987         2.50
       1.261     0.650000         6484         2.86
       1.284     0.700000         6978         3.33
       1.312     0.750000         7473         4.00
       1.326     0.775000         7720         4.44
       1.345     0.800000         7967         5.00
       1.362     0.825000         8218         5.71
       1.381     0.850000         8462         6.67
       1.404     0.875000         8719         8.00
       1.416     0.887500         8844         8.89
       1.431     0.900000         8962        10.00
       1.448     0.912500         9087        11.43
       1.463     0.925000         9210        13.33
       1.483     0.937500         9335        16.00
       1.496     0.943750         9395        17.78
       1.508     0.950000         9457        20.00
       1.523     0.956250         9519        22.86
       1.536     0.962500         9581        26.67
       1.555     0.968750         9645        32.00
       1.571     0.971875         9675        35.56
       1.585     0.975000         9708        40.00
       1.597     0.978125         9740        45.71
       1.616     0.981250         9770        53.33
       1.638     0.984375         9800        64.00
       1.651     0.985938         9816        71.11
       1.665     0.987500         9832        80.00
       1.687     0.989062         9846        91.43
       1.716     0.990625         9861       106.67
       1.754     0.992188         9877       128.00
       1.773     0.992969         9885       142.22
       1.827     0.993750         9892       160.00
       1.889     0.994531         9900       182.86
       2.037     0.995313         9908       213.33
       2.167     0.996094         9916       256.00
       2.217     0.996484         9920       284.44
       2.253     0.996875         9923       320.00
       2.375     0.997266         9927       365.71
       2.437     0.997656         9931       426.67
       2.849     0.998047         9935       512.00
       2.953     0.998242         9937       568.89
       3.065     0.998437         9939       640.00
       3.181     0.998633         9941       731.43
       3.297     0.998828         9943       853.33
       3.545     0.999023         9945      1024.00
       3.551     0.999121         9946      1137.78
       3.619     0.999219         9947      1280.00
       3.817     0.999316         9948      1462.86
       3.989     0.999414         9949      1706.67
       4.009     0.999512         9950      2048.00
       4.009     0.999561         9950      2275.56
       4.899     0.999609         9952      2560.00
       4.899     0.999658         9952      2925.71
       4.899     0.999707         9952      3413.33
       4.899     0.999756         9952      4096.00
       4.899     0.999780         9952      4551.11
       5.043     0.999805         9953      5120.00
       5.043     0.999829         9953      5851.43
       5.043     0.999854         9953      6826.67
       5.043     0.999878         9953      8192.00
       5.043     0.999890         9953      9102.22
       5.135     0.999902         9954     10240.00
       5.135     1.000000         9954          inf
#[Mean    =        1.221, StdDeviation   =        0.205]
#[Max     =        5.132, Total count    =         9954]
#[Buckets =           27, SubBuckets     =         2048]
-----------------------------------------------------------------------
  14941 requests in 30.02s, 2.49MB read
  Socket errors: connect 0, read 0, write 0, timeout 20
Requests/sec:    497.73  
Transfer/sec:     85.06KB
