Running 30s test @ http://10.111.138.180:8080/wrk2-api/post/compose
  4 threads and 200 connections

  Thread calibration: mean lat.: 3712.433ms, rate sampling interval: 11018ms
  Thread calibration: mean lat.: 3516.340ms, rate sampling interval: 10297ms
  Thread calibration: mean lat.: 3790.786ms, rate sampling interval: 11345ms
  Thread calibration: mean lat.: 3717.833ms, rate sampling interval: 11288ms

-----------------------------------------------------------------------
Test Results @ http://10.111.138.180:8080/wrk2-api/post/compose 
  Thread Stats   Avg      Stdev     99%   +/- Stdev
    Latency     1.96s     2.40s    7.96s    79.24%
    Req/Sec   183.75      5.93   190.00     75.00%
  Latency Distribution (HdrHistogram - Recorded Latency)
 50.000%  411.39ms
 75.000%    3.80s 
 90.000%    5.82s 
 99.000%    7.96s 
 99.900%    9.39s 
 99.990%   10.39s 
 99.999%   10.47s 
100.000%   10.47s 

  Detailed Percentile spectrum:
       Value   Percentile   TotalCount 1/(1-Percentile)

       7.055     0.000000            1         1.00
       8.695     0.100000         1248         1.11
       9.591     0.200000         2496         1.25
      11.031     0.300000         3740         1.43
      20.127     0.400000         4982         1.67
     411.391     0.500000         6227         2.00
    1110.015     0.550000         6850         2.22
    1840.127     0.600000         7472         2.50
    2568.191     0.650000         8095         2.86
    3135.487     0.700000         8718         3.33
    3799.039     0.750000         9342         4.00
    4153.343     0.775000         9652         4.44
    4460.543     0.800000         9963         5.00
    4775.935     0.825000        10275         5.71
    5128.191     0.850000        10590         6.67
    5464.063     0.875000        10899         8.00
    5648.383     0.887500        11053         8.89
    5824.511     0.900000        11210        10.00
    6004.735     0.912500        11368        11.43
    6176.767     0.925000        11523        13.33
    6377.471     0.937500        11679        16.00
    6508.543     0.943750        11755        17.78
    6639.615     0.950000        11832        20.00
    6774.783     0.956250        11909        22.86
    6901.759     0.962500        11988        26.67
    7045.119     0.968750        12066        32.00
    7135.231     0.971875        12103        35.56
    7233.535     0.975000        12142        40.00
    7344.127     0.978125        12181        45.71
    7446.527     0.981250        12221        53.33
    7598.079     0.984375        12259        64.00
    7679.999     0.985938        12278        71.11
    7790.591     0.987500        12300        80.00
    7872.511     0.989062        12317        91.43
    8019.967     0.990625        12338       106.67
    8204.287     0.992188        12356       128.00
    8253.439     0.992969        12367       142.22
    8294.399     0.993750        12376       160.00
    8421.375     0.994531        12385       182.86
    8527.871     0.995313        12395       213.33
    8642.559     0.996094        12405       256.00
    8716.287     0.996484        12412       284.44
    8781.823     0.996875        12415       320.00
    8945.663     0.997266        12419       365.71
    9060.351     0.997656        12425       426.67
    9093.119     0.998047        12429       512.00
    9175.039     0.998242        12432       568.89
    9215.999     0.998437        12434       640.00
    9232.383     0.998633        12436       731.43
    9363.455     0.998828        12439       853.33
    9388.031     0.999023        12441      1024.00
    9445.375     0.999121        12443      1137.78
    9478.143     0.999219        12444      1280.00
    9527.295     0.999316        12445      1462.86
    9658.367     0.999414        12446      1706.67
    9715.711     0.999512        12447      2048.00
    9945.087     0.999561        12448      2275.56
    9986.047     0.999609        12449      2560.00
    9986.047     0.999658        12449      2925.71
   10207.231     0.999707        12450      3413.33
   10207.231     0.999756        12450      4096.00
   10362.879     0.999780        12451      4551.11
   10362.879     0.999805        12451      5120.00
   10362.879     0.999829        12451      5851.43
   10387.455     0.999854        12452      6826.67
   10387.455     0.999878        12452      8192.00
   10387.455     0.999890        12452      9102.22
   10387.455     0.999902        12452     10240.00
   10387.455     0.999915        12452     11702.86
   10469.375     0.999927        12453     13653.33
   10469.375     1.000000        12453          inf
#[Mean    =     1961.502, StdDeviation   =     2402.976]
#[Max     =    10461.184, Total count    =        12453]
#[Buckets =           27, SubBuckets     =         2048]
-----------------------------------------------------------------------
  14731 requests in 30.03s, 2.68MB read
  Socket errors: connect 0, read 0, write 0, timeout 19
Requests/sec:    490.51  
Transfer/sec:     91.49KB
