Running 30s test @ http://10.111.138.180:8080/wrk2-api/post/compose
  4 threads and 200 connections

  Thread calibration: mean lat.: 4339.322ms, rate sampling interval: 12312ms
  Thread calibration: mean lat.: 4286.978ms, rate sampling interval: 12754ms
  Thread calibration: mean lat.: 4285.872ms, rate sampling interval: 12255ms
  Thread calibration: mean lat.: 4361.452ms, rate sampling interval: 12582ms

-----------------------------------------------------------------------
Test Results @ http://10.111.138.180:8080/wrk2-api/post/compose 
  Thread Stats   Avg      Stdev     99%   +/- Stdev
    Latency     4.70s     2.59s    9.80s    61.38%
    Req/Sec   189.50      1.80   192.00    100.00%
  Latency Distribution (HdrHistogram - Recorded Latency)
 50.000%    4.85s 
 75.000%    6.77s 
 90.000%    8.04s 
 99.000%    9.80s 
 99.900%   10.77s 
 99.990%   11.41s 
 99.999%   11.43s 
100.000%   11.43s 

  Detailed Percentile spectrum:
       Value   Percentile   TotalCount 1/(1-Percentile)

     158.335     0.000000            1         1.00
     976.383     0.100000         1355         1.11
    2062.335     0.200000         2712         1.25
    3057.663     0.300000         4065         1.43
    4026.367     0.400000         5419         1.67
    4849.663     0.500000         6774         2.00
    5259.263     0.550000         7457         2.22
    5648.383     0.600000         8131         2.50
    6045.695     0.650000         8809         2.86
    6406.143     0.700000         9485         3.33
    6770.687     0.750000        10166         4.00
    6938.623     0.775000        10502         4.44
    7131.135     0.800000        10848         5.00
    7344.127     0.825000        11177         5.71
    7573.503     0.850000        11515         6.67
    7802.879     0.875000        11856         8.00
    7921.663     0.887500        12030         8.89
    8048.639     0.900000        12199        10.00
    8196.095     0.912500        12365        11.43
    8347.647     0.925000        12532        13.33
    8519.679     0.937500        12708        16.00
    8617.983     0.943750        12791        17.78
    8716.287     0.950000        12873        20.00
    8814.591     0.956250        12956        22.86
    8962.047     0.962500        13045        26.67
    9076.735     0.968750        13126        32.00
    9158.655     0.971875        13170        35.56
    9240.575     0.975000        13212        40.00
    9322.495     0.978125        13253        45.71
    9445.375     0.981250        13293        53.33
    9543.679     0.984375        13338        64.00
    9601.023     0.985938        13358        71.11
    9666.559     0.987500        13378        80.00
    9756.671     0.989062        13399        91.43
    9822.207     0.990625        13420       106.67
   10010.623     0.992188        13443       128.00
   10051.583     0.992969        13454       142.22
   10108.927     0.993750        13464       160.00
   10149.887     0.994531        13475       182.86
   10207.231     0.995313        13485       213.33
   10289.151     0.996094        13495       256.00
   10330.111     0.996484        13501       284.44
   10403.839     0.996875        13505       320.00
   10428.415     0.997266        13510       365.71
   10493.951     0.997656        13516       426.67
   10592.255     0.998047        13521       512.00
   10641.407     0.998242        13524       568.89
   10682.367     0.998437        13526       640.00
   10706.943     0.998633        13529       731.43
   10764.287     0.998828        13532       853.33
   10862.591     0.999023        13534      1024.00
   10887.167     0.999121        13536      1137.78
   10977.279     0.999219        13537      1280.00
   10985.471     0.999316        13538      1462.86
   11001.855     0.999414        13540      1706.67
   11083.775     0.999512        13541      2048.00
   11108.351     0.999561        13542      2275.56
   11108.351     0.999609        13542      2560.00
   11132.927     0.999658        13543      2925.71
   11157.503     0.999707        13544      3413.33
   11157.503     0.999756        13544      4096.00
   11223.039     0.999780        13545      4551.11
   11223.039     0.999805        13545      5120.00
   11223.039     0.999829        13545      5851.43
   11411.455     0.999854        13546      6826.67
   11411.455     0.999878        13546      8192.00
   11411.455     0.999890        13546      9102.22
   11411.455     0.999902        13546     10240.00
   11411.455     0.999915        13546     11702.86
   11427.839     0.999927        13547     13653.33
   11427.839     1.000000        13547          inf
#[Mean    =     4704.254, StdDeviation   =     2585.080]
#[Max     =    11419.648, Total count    =        13547]
#[Buckets =           27, SubBuckets     =         2048]
-----------------------------------------------------------------------
  15633 requests in 30.00s, 2.85MB read
  Socket errors: connect 0, read 0, write 0, timeout 5
Requests/sec:    521.04  
Transfer/sec:     97.19KB
