Running 30s test @ http://10.111.138.180:8080/wrk2-api/home-timeline/read
  4 threads and 200 connections

  Thread calibration: mean lat.: 2.685ms, rate sampling interval: 10ms
  Thread calibration: mean lat.: 3.604ms, rate sampling interval: 10ms
  Thread calibration: mean lat.: 3.408ms, rate sampling interval: 10ms
  Thread calibration: mean lat.: 3.020ms, rate sampling interval: 10ms

-----------------------------------------------------------------------
Test Results @ http://10.111.138.180:8080/wrk2-api/home-timeline/read 
  Thread Stats   Avg      Stdev     99%   +/- Stdev
    Latency     1.21ms  204.24us   1.76ms   78.48%
    Req/Sec   156.76    130.31   555.00     57.62%
  Latency Distribution (HdrHistogram - Recorded Latency)
 50.000%    1.18ms
 75.000%    1.30ms
 90.000%    1.43ms
 99.000%    1.76ms
 99.900%    3.43ms
 99.990%    4.06ms
 99.999%    4.14ms
100.000%    4.14ms

  Detailed Percentile spectrum:
       Value   Percentile   TotalCount 1/(1-Percentile)

       0.732     0.000000            1         1.00
       1.001     0.100000         1196         1.11
       1.063     0.200000         2388         1.25
       1.107     0.300000         3569         1.43
       1.146     0.400000         4755         1.67
       1.183     0.500000         5939         2.00
       1.203     0.550000         6534         2.22
       1.225     0.600000         7143         2.50
       1.248     0.650000         7721         2.86
       1.273     0.700000         8338         3.33
       1.302     0.750000         8912         4.00
       1.318     0.775000         9207         4.44
       1.336     0.800000         9514         5.00
       1.354     0.825000         9797         5.71
       1.376     0.850000        10105         6.67
       1.399     0.875000        10392         8.00
       1.414     0.887500        10548         8.89
       1.427     0.900000        10689        10.00
       1.440     0.912500        10839        11.43
       1.458     0.925000        10987        13.33
       1.477     0.937500        11137        16.00
       1.490     0.943750        11211        17.78
       1.502     0.950000        11286        20.00
       1.520     0.956250        11357        22.86
       1.539     0.962500        11431        26.67
       1.562     0.968750        11505        32.00
       1.578     0.971875        11543        35.56
       1.597     0.975000        11583        40.00
       1.613     0.978125        11618        45.71
       1.641     0.981250        11653        53.33
       1.669     0.984375        11690        64.00
       1.696     0.985938        11709        71.11
       1.723     0.987500        11727        80.00
       1.747     0.989062        11746        91.43
       1.771     0.990625        11766       106.67
       1.849     0.992188        11783       128.00
       1.899     0.992969        11792       142.22
       1.959     0.993750        11801       160.00
       2.073     0.994531        11811       182.86
       2.129     0.995313        11820       213.33
       2.207     0.996094        11829       256.00
       2.317     0.996484        11834       284.44
       2.349     0.996875        11838       320.00
       2.385     0.997266        11843       365.71
       2.501     0.997656        11848       426.67
       2.591     0.998047        11852       512.00
       2.687     0.998242        11855       568.89
       2.735     0.998437        11857       640.00
       2.953     0.998633        11859       731.43
       3.273     0.998828        11862       853.33
       3.533     0.999023        11864      1024.00
       3.657     0.999121        11865      1137.78
       3.665     0.999219        11866      1280.00
       3.687     0.999316        11867      1462.86
       3.717     0.999414        11869      1706.67
       3.787     0.999512        11870      2048.00
       3.787     0.999561        11870      2275.56
       3.901     0.999609        11871      2560.00
       3.901     0.999658        11871      2925.71
       3.937     0.999707        11872      3413.33
       4.043     0.999756        11873      4096.00
       4.043     0.999780        11873      4551.11
       4.043     0.999805        11873      5120.00
       4.043     0.999829        11873      5851.43
       4.057     0.999854        11874      6826.67
       4.057     0.999878        11874      8192.00
       4.057     0.999890        11874      9102.22
       4.057     0.999902        11874     10240.00
       4.057     0.999915        11874     11702.86
       4.135     0.999927        11875     13653.33
       4.135     1.000000        11875          inf
#[Mean    =        1.208, StdDeviation   =        0.204]
#[Max     =        4.132, Total count    =        11875]
#[Buckets =           27, SubBuckets     =         2048]
-----------------------------------------------------------------------
  17850 requests in 30.02s, 2.98MB read
  Socket errors: connect 0, read 0, write 0, timeout 5
Requests/sec:    594.54  
Transfer/sec:    101.61KB
