Running 30s test @ http://10.111.138.180:8080/wrk2-api/home-timeline/read
  4 threads and 200 connections

  Thread calibration: mean lat.: 1.225ms, rate sampling interval: 10ms
  Thread calibration: mean lat.: 2.160ms, rate sampling interval: 10ms
  Thread calibration: mean lat.: 2.579ms, rate sampling interval: 10ms
  Thread calibration: mean lat.: 2.629ms, rate sampling interval: 10ms

-----------------------------------------------------------------------
Test Results @ http://10.111.138.180:8080/wrk2-api/home-timeline/read 
  Thread Stats   Avg      Stdev     99%   +/- Stdev
    Latency     1.19ms  201.32us   1.77ms   78.08%
    Req/Sec   181.84    140.54   555.00     64.11%
  Latency Distribution (HdrHistogram - Recorded Latency)
 50.000%    1.16ms
 75.000%    1.28ms
 90.000%    1.41ms
 99.000%    1.77ms
 99.900%    3.06ms
 99.990%    4.39ms
 99.999%    4.51ms
100.000%    4.51ms

  Detailed Percentile spectrum:
       Value   Percentile   TotalCount 1/(1-Percentile)

       0.730     0.000000            1         1.00
       0.986     0.100000         1388         1.11
       1.043     0.200000         2761         1.25
       1.089     0.300000         4161         1.43
       1.128     0.400000         5534         1.67
       1.165     0.500000         6907         2.00
       1.185     0.550000         7572         2.22
       1.206     0.600000         8293         2.50
       1.228     0.650000         8972         2.86
       1.254     0.700000         9652         3.33
       1.283     0.750000        10329         4.00
       1.299     0.775000        10675         4.44
       1.316     0.800000        11019         5.00
       1.336     0.825000        11362         5.71
       1.358     0.850000        11702         6.67
       1.381     0.875000        12045         8.00
       1.396     0.887500        12216         8.89
       1.410     0.900000        12390        10.00
       1.426     0.912500        12566        11.43
       1.444     0.925000        12730        13.33
       1.466     0.937500        12906        16.00
       1.478     0.943750        12991        17.78
       1.492     0.950000        13078        20.00
       1.511     0.956250        13164        22.86
       1.529     0.962500        13248        26.67
       1.548     0.968750        13332        32.00
       1.564     0.971875        13375        35.56
       1.582     0.975000        13419        40.00
       1.605     0.978125        13461        45.71
       1.621     0.981250        13504        53.33
       1.646     0.984375        13547        64.00
       1.678     0.985938        13569        71.11
       1.713     0.987500        13591        80.00
       1.749     0.989062        13613        91.43
       1.799     0.990625        13634       106.67
       1.850     0.992188        13655       128.00
       1.893     0.992969        13666       142.22
       1.951     0.993750        13676       160.00
       2.031     0.994531        13687       182.86
       2.115     0.995313        13698       213.33
       2.217     0.996094        13710       256.00
       2.223     0.996484        13714       284.44
       2.263     0.996875        13719       320.00
       2.331     0.997266        13725       365.71
       2.377     0.997656        13730       426.67
       2.551     0.998047        13736       512.00
       2.605     0.998242        13738       568.89
       2.693     0.998437        13741       640.00
       2.931     0.998633        13744       731.43
       2.999     0.998828        13746       853.33
       3.091     0.999023        13749      1024.00
       3.167     0.999121        13750      1137.78
       3.173     0.999219        13752      1280.00
       3.193     0.999316        13753      1462.86
       3.237     0.999414        13754      1706.67
       3.659     0.999512        13756      2048.00
       3.659     0.999561        13756      2275.56
       3.727     0.999609        13757      2560.00
       3.843     0.999658        13758      2925.71
       3.843     0.999707        13758      3413.33
       3.863     0.999756        13759      4096.00
       3.863     0.999780        13759      4551.11
       4.383     0.999805        13760      5120.00
       4.383     0.999829        13760      5851.43
       4.383     0.999854        13760      6826.67
       4.387     0.999878        13761      8192.00
       4.387     0.999890        13761      9102.22
       4.387     0.999902        13761     10240.00
       4.387     0.999915        13761     11702.86
       4.387     0.999927        13761     13653.33
       4.507     0.999939        13762     16384.00
       4.507     1.000000        13762          inf
#[Mean    =        1.191, StdDeviation   =        0.201]
#[Max     =        4.504, Total count    =        13762]
#[Buckets =           27, SubBuckets     =         2048]
-----------------------------------------------------------------------
  20556 requests in 30.01s, 3.43MB read
  Socket errors: connect 0, read 0, write 0, timeout 3
Requests/sec:    684.97  
Transfer/sec:    117.06KB
