Running 30s test @ http://10.111.138.180:8080/wrk2-api/post/compose
  4 threads and 200 connections

  Thread calibration: mean lat.: 4466.474ms, rate sampling interval: 12713ms
  Thread calibration: mean lat.: 4559.602ms, rate sampling interval: 13090ms
  Thread calibration: mean lat.: 4385.728ms, rate sampling interval: 12886ms
  Thread calibration: mean lat.: 4597.927ms, rate sampling interval: 13008ms

-----------------------------------------------------------------------
Test Results @ http://10.111.138.180:8080/wrk2-api/post/compose 
  Thread Stats   Avg      Stdev     99%   +/- Stdev
    Latency     6.78s     2.10s   10.57s    68.43%
    Req/Sec   186.75      0.83   188.00    100.00%
  Latency Distribution (HdrHistogram - Recorded Latency)
 50.000%    7.06s 
 75.000%    8.31s 
 90.000%    9.27s 
 99.000%   10.57s 
 99.900%   11.67s 
 99.990%   12.54s 
 99.999%   12.97s 
100.000%   12.97s 

  Detailed Percentile spectrum:
       Value   Percentile   TotalCount 1/(1-Percentile)

     212.607     0.000000            1         1.00
    3796.991     0.100000         1343         1.11
    5079.039     0.200000         2686         1.25
    5922.815     0.300000         4033         1.43
    6520.831     0.400000         5375         1.67
    7057.407     0.500000         6717         2.00
    7319.551     0.550000         7388         2.22
    7548.927     0.600000         8065         2.50
    7802.879     0.650000         8733         2.86
    8065.023     0.700000         9393         3.33
    8314.879     0.750000        10078         4.00
    8454.143     0.775000        10419         4.44
    8601.599     0.800000        10742         5.00
    8749.055     0.825000        11070         5.71
    8912.895     0.850000        11430         6.67
    9076.735     0.875000        11741         8.00
    9175.039     0.887500        11917         8.89
    9265.151     0.900000        12082        10.00
    9363.455     0.912500        12247        11.43
    9461.759     0.925000        12419        13.33
    9601.023     0.937500        12587        16.00
    9674.751     0.943750        12665        17.78
    9756.671     0.950000        12750        20.00
    9846.783     0.956250        12838        22.86
    9945.087     0.962500        12916        26.67
   10051.583     0.968750        13002        32.00
   10108.927     0.971875        13045        35.56
   10158.079     0.975000        13083        40.00
   10239.999     0.978125        13126        45.71
   10305.535     0.981250        13170        53.33
   10379.263     0.984375        13215        64.00
   10420.223     0.985938        13230        71.11
   10485.759     0.987500        13253        80.00
   10543.103     0.989062        13273        91.43
   10592.255     0.990625        13295       106.67
   10649.599     0.992188        13315       128.00
   10674.175     0.992969        13326       142.22
   10739.711     0.993750        13337       160.00
   10772.479     0.994531        13346       182.86
   10813.439     0.995313        13357       213.33
   10895.359     0.996094        13367       256.00
   10919.935     0.996484        13371       284.44
   10960.895     0.996875        13377       320.00
   11026.431     0.997266        13382       365.71
   11100.159     0.997656        13387       426.67
   11165.695     0.998047        13392       512.00
   11190.271     0.998242        13395       568.89
   11206.655     0.998437        13398       640.00
   11288.575     0.998633        13400       731.43
   11444.223     0.998828        13403       853.33
   11673.599     0.999023        13405      1024.00
   11739.135     0.999121        13407      1137.78
   11788.287     0.999219        13408      1280.00
   11804.671     0.999316        13409      1462.86
   12042.239     0.999414        13411      1706.67
   12066.815     0.999512        13412      2048.00
   12124.159     0.999561        13413      2275.56
   12124.159     0.999609        13413      2560.00
   12337.151     0.999658        13414      2925.71
   12353.535     0.999707        13415      3413.33
   12353.535     0.999756        13415      4096.00
   12460.031     0.999780        13416      4551.11
   12460.031     0.999805        13416      5120.00
   12460.031     0.999829        13416      5851.43
   12541.951     0.999854        13417      6826.67
   12541.951     0.999878        13417      8192.00
   12541.951     0.999890        13417      9102.22
   12541.951     0.999902        13417     10240.00
   12541.951     0.999915        13417     11702.86
   12967.935     0.999927        13418     13653.33
   12967.935     1.000000        13418          inf
#[Mean    =     6782.529, StdDeviation   =     2101.157]
#[Max     =    12959.744, Total count    =        13418]
#[Buckets =           27, SubBuckets     =         2048]
-----------------------------------------------------------------------
  15651 requests in 30.05s, 2.85MB read
  Socket errors: connect 0, read 0, write 0, timeout 3
Requests/sec:    520.75  
Transfer/sec:     97.13KB
