Running 30s test @ http://10.111.138.180:8080/wrk2-api/post/compose
  4 threads and 200 connections

  Thread calibration: mean lat.: 4746.140ms, rate sampling interval: 13410ms
  Thread calibration: mean lat.: 4871.902ms, rate sampling interval: 13819ms
  Thread calibration: mean lat.: 5019.762ms, rate sampling interval: 14098ms
  Thread calibration: mean lat.: 4857.365ms, rate sampling interval: 13901ms

-----------------------------------------------------------------------
Test Results @ http://10.111.138.180:8080/wrk2-api/post/compose 
  Thread Stats   Avg      Stdev     99%   +/- Stdev
    Latency     9.14s     1.79s   12.79s    67.48%
    Req/Sec   172.50      0.87   173.00    100.00%
  Latency Distribution (HdrHistogram - Recorded Latency)
 50.000%    9.26s 
 75.000%   10.45s 
 90.000%   11.33s 
 99.000%   12.79s 
 99.900%   14.25s 
 99.990%   15.53s 
 99.999%   15.90s 
100.000%   15.90s 

  Detailed Percentile spectrum:
       Value   Percentile   TotalCount 1/(1-Percentile)

    1105.919     0.000000            1         1.00
    6782.975     0.100000         1305         1.11
    7593.983     0.200000         2610         1.25
    8212.479     0.300000         3902         1.43
    8749.055     0.400000         5220         1.67
    9256.959     0.500000         6514         2.00
    9478.143     0.550000         7163         2.22
    9715.711     0.600000         7810         2.50
    9945.087     0.650000         8456         2.86
   10199.039     0.700000         9119         3.33
   10452.991     0.750000         9771         4.00
   10584.063     0.775000        10108         4.44
   10723.327     0.800000        10423         5.00
   10862.591     0.825000        10742         5.71
   11001.855     0.850000        11069         6.67
   11157.503     0.875000        11385         8.00
   11239.423     0.887500        11559         8.89
   11337.727     0.900000        11723        10.00
   11427.839     0.912500        11877        11.43
   11550.719     0.925000        12034        13.33
   11689.983     0.937500        12196        16.00
   11771.903     0.943750        12277        17.78
   11853.823     0.950000        12360        20.00
   11927.551     0.956250        12439        22.86
   12034.047     0.962500        12523        26.67
   12140.543     0.968750        12604        32.00
   12214.271     0.971875        12643        35.56
   12279.807     0.975000        12689        40.00
   12353.535     0.978125        12725        45.71
   12443.647     0.981250        12766        53.33
   12525.567     0.984375        12807        64.00
   12582.911     0.985938        12826        71.11
   12623.871     0.987500        12845        80.00
   12722.175     0.989062        12864        91.43
   12820.479     0.990625        12885       106.67
   12926.975     0.992188        12905       128.00
   13008.895     0.992969        12915       142.22
   13082.623     0.993750        12926       160.00
   13205.503     0.994531        12935       182.86
   13336.575     0.995313        12946       213.33
   13516.799     0.996094        12956       256.00
   13590.527     0.996484        12961       284.44
   13713.407     0.996875        12966       320.00
   13770.751     0.997266        12972       365.71
   13869.055     0.997656        12976       426.67
   13926.399     0.998047        12982       512.00
   13991.935     0.998242        12984       568.89
   14073.855     0.998437        12986       640.00
   14147.583     0.998633        12989       731.43
   14180.351     0.998828        12991       853.33
   14245.887     0.999023        12994      1024.00
   14270.463     0.999121        12995      1137.78
   14491.647     0.999219        12997      1280.00
   14614.527     0.999316        12998      1462.86
   14696.447     0.999414        12999      1706.67
   14721.023     0.999512        13000      2048.00
   14753.791     0.999561        13002      2275.56
   14753.791     0.999609        13002      2560.00
   14753.791     0.999658        13002      2925.71
   14991.359     0.999707        13003      3413.33
   14991.359     0.999756        13003      4096.00
   15253.503     0.999780        13004      4551.11
   15253.503     0.999805        13004      5120.00
   15253.503     0.999829        13004      5851.43
   15532.031     0.999854        13005      6826.67
   15532.031     0.999878        13005      8192.00
   15532.031     0.999890        13005      9102.22
   15532.031     0.999902        13005     10240.00
   15532.031     0.999915        13005     11702.86
   15900.671     0.999927        13006     13653.33
   15900.671     1.000000        13006          inf
#[Mean    =     9135.196, StdDeviation   =     1791.947]
#[Max     =    15892.480, Total count    =        13006]
#[Buckets =           27, SubBuckets     =         2048]
-----------------------------------------------------------------------
  15310 requests in 30.02s, 2.79MB read
Requests/sec:    510.01  
Transfer/sec:     95.13KB
