Running 30s test @ http://10.111.138.180:8080/wrk2-api/home-timeline/read
  4 threads and 200 connections

  Thread calibration: mean lat.: 2.470ms, rate sampling interval: 10ms
  Thread calibration: mean lat.: 2.022ms, rate sampling interval: 10ms
  Thread calibration: mean lat.: 2.196ms, rate sampling interval: 10ms
  Thread calibration: mean lat.: 2.284ms, rate sampling interval: 10ms

-----------------------------------------------------------------------
Test Results @ http://10.111.138.180:8080/wrk2-api/home-timeline/read 
  Thread Stats   Avg      Stdev     99%   +/- Stdev
    Latency     1.18ms  215.32us   1.79ms   80.14%
    Req/Sec   209.86    150.11   600.00     71.95%
  Latency Distribution (HdrHistogram - Recorded Latency)
 50.000%    1.15ms
 75.000%    1.27ms
 90.000%    1.41ms
 99.000%    1.79ms
 99.900%    3.09ms
 99.990%    5.06ms
 99.999%    5.75ms
100.000%    5.75ms

  Detailed Percentile spectrum:
       Value   Percentile   TotalCount 1/(1-Percentile)

       0.717     0.000000            1         1.00
       0.972     0.100000         1605         1.11
       1.030     0.200000         3180         1.25
       1.076     0.300000         4778         1.43
       1.116     0.400000         6388         1.67
       1.153     0.500000         7960         2.00
       1.174     0.550000         8761         2.22
       1.193     0.600000         9552         2.50
       1.216     0.650000        10336         2.86
       1.240     0.700000        11123         3.33
       1.270     0.750000        11936         4.00
       1.287     0.775000        12327         4.44
       1.307     0.800000        12713         5.00
       1.327     0.825000        13111         5.71
       1.352     0.850000        13516         6.67
       1.378     0.875000        13903         8.00
       1.393     0.887500        14102         8.89
       1.410     0.900000        14301        10.00
       1.428     0.912500        14498        11.43
       1.452     0.925000        14693        13.33
       1.477     0.937500        14894        16.00
       1.492     0.943750        14991        17.78
       1.505     0.950000        15089        20.00
       1.522     0.956250        15189        22.86
       1.545     0.962500        15289        26.67
       1.569     0.968750        15387        32.00
       1.583     0.971875        15436        35.56
       1.601     0.975000        15486        40.00
       1.621     0.978125        15535        45.71
       1.646     0.981250        15587        53.33
       1.682     0.984375        15634        64.00
       1.705     0.985938        15660        71.11
       1.742     0.987500        15684        80.00
       1.776     0.989062        15710        91.43
       1.818     0.990625        15734       106.67
       1.886     0.992188        15758       128.00
       1.925     0.992969        15771       142.22
       1.967     0.993750        15783       160.00
       2.044     0.994531        15796       182.86
       2.119     0.995313        15808       213.33
       2.221     0.996094        15820       256.00
       2.259     0.996484        15827       284.44
       2.311     0.996875        15833       320.00
       2.349     0.997266        15839       365.71
       2.399     0.997656        15845       426.67
       2.495     0.998047        15851       512.00
       2.635     0.998242        15855       568.89
       2.751     0.998437        15858       640.00
       2.847     0.998633        15861       731.43
       2.977     0.998828        15864       853.33
       3.211     0.999023        15867      1024.00
       3.489     0.999121        15869      1137.78
       3.535     0.999219        15870      1280.00
       3.587     0.999316        15872      1462.86
       3.855     0.999414        15873      1706.67
       4.459     0.999512        15876      2048.00
       4.459     0.999561        15876      2275.56
       4.459     0.999609        15876      2560.00
       4.523     0.999658        15877      2925.71
       4.723     0.999707        15878      3413.33
       4.823     0.999756        15879      4096.00
       4.823     0.999780        15879      4551.11
       4.823     0.999805        15879      5120.00
       5.059     0.999829        15880      5851.43
       5.059     0.999854        15880      6826.67
       5.199     0.999878        15881      8192.00
       5.199     0.999890        15881      9102.22
       5.199     0.999902        15881     10240.00
       5.199     0.999915        15881     11702.86
       5.199     0.999927        15881     13653.33
       5.751     0.999939        15882     16384.00
       5.751     1.000000        15882          inf
#[Mean    =        1.182, StdDeviation   =        0.215]
#[Max     =        5.748, Total count    =        15882]
#[Buckets =           27, SubBuckets     =         2048]
-----------------------------------------------------------------------
  23822 requests in 30.01s, 3.98MB read
Requests/sec:    793.85  
Transfer/sec:    135.67KB
