Running 30s test @ http://10.111.138.180:8080/wrk2-api/post/compose
  4 threads and 200 connections

  Thread calibration: mean lat.: 5125.772ms, rate sampling interval: 14376ms
  Thread calibration: mean lat.: 5057.684ms, rate sampling interval: 14213ms
  Thread calibration: mean lat.: 5093.836ms, rate sampling interval: 14491ms
  Thread calibration: mean lat.: 5281.581ms, rate sampling interval: 14573ms

-----------------------------------------------------------------------
Test Results @ http://10.111.138.180:8080/wrk2-api/post/compose 
  Thread Stats   Avg      Stdev     99%   +/- Stdev
    Latency    10.73s     1.69s   14.55s    67.50%
    Req/Sec   170.75      0.43   171.00    100.00%
  Latency Distribution (HdrHistogram - Recorded Latency)
 50.000%   10.79s 
 75.000%   11.92s 
 90.000%   12.83s 
 99.000%   14.55s 
 99.900%   16.06s 
 99.990%   17.60s 
 99.999%   18.06s 
100.000%   18.06s 

  Detailed Percentile spectrum:
       Value   Percentile   TotalCount 1/(1-Percentile)

    5468.159     0.000000            1         1.00
    8470.527     0.100000         1300         1.11
    9281.535     0.200000         2608         1.25
    9871.359     0.300000         3910         1.43
   10379.263     0.400000         5208         1.67
   10788.863     0.500000         6493         2.00
   11001.855     0.550000         7155         2.22
   11214.847     0.600000         7806         2.50
   11427.839     0.650000         8443         2.86
   11681.791     0.700000         9105         3.33
   11919.359     0.750000         9760         4.00
   12034.047     0.775000        10073         4.44
   12173.311     0.800000        10390         5.00
   12312.575     0.825000        10728         5.71
   12468.223     0.850000        11057         6.67
   12632.063     0.875000        11369         8.00
   12730.367     0.887500        11525         8.89
   12828.671     0.900000        11687        10.00
   12943.359     0.912500        11855        11.43
   13066.239     0.925000        12016        13.33
   13213.695     0.937500        12174        16.00
   13303.807     0.943750        12257        17.78
   13377.535     0.950000        12338        20.00
   13475.839     0.956250        12418        22.86
   13574.143     0.962500        12499        26.67
   13713.407     0.968750        12583        32.00
   13770.751     0.971875        12624        35.56
   13844.479     0.975000        12665        40.00
   13950.975     0.978125        12703        45.71
   14032.895     0.981250        12743        53.33
   14163.967     0.984375        12786        64.00
   14237.695     0.985938        12805        71.11
   14303.231     0.987500        12825        80.00
   14417.919     0.989062        12844        91.43
   14589.951     0.990625        12864       106.67
   14696.447     0.992188        12885       128.00
   14729.215     0.992969        12894       142.22
   14843.903     0.993750        12905       160.00
   14974.975     0.994531        12915       182.86
   15089.663     0.995313        12925       213.33
   15163.391     0.996094        12935       256.00
   15196.159     0.996484        12940       284.44
   15278.079     0.996875        12945       320.00
   15368.191     0.997266        12950       365.71
   15532.031     0.997656        12955       426.67
   15564.799     0.998047        12960       512.00
   15646.719     0.998242        12963       568.89
   15794.175     0.998437        12965       640.00
   15974.399     0.998633        12968       731.43
   16023.551     0.998828        12970       853.33
   16064.511     0.999023        12973      1024.00
   16121.855     0.999121        12974      1137.78
   16154.623     0.999219        12975      1280.00
   16220.159     0.999316        12977      1462.86
   16482.303     0.999414        12978      1706.67
   16580.607     0.999512        12979      2048.00
   16728.063     0.999561        12980      2275.56
   16728.063     0.999609        12980      2560.00
   16769.023     0.999658        12981      2925.71
   17055.743     0.999707        12982      3413.33
   17055.743     0.999756        12982      4096.00
   17137.663     0.999780        12983      4551.11
   17137.663     0.999805        12983      5120.00
   17137.663     0.999829        12983      5851.43
   17596.415     0.999854        12984      6826.67
   17596.415     0.999878        12984      8192.00
   17596.415     0.999890        12984      9102.22
   17596.415     0.999902        12984     10240.00
   17596.415     0.999915        12984     11702.86
   18055.167     0.999927        12985     13653.33
   18055.167     1.000000        12985          inf
#[Mean    =    10725.475, StdDeviation   =     1692.221]
#[Max     =    18038.784, Total count    =        12985]
#[Buckets =           27, SubBuckets     =         2048]
-----------------------------------------------------------------------
  15202 requests in 30.01s, 2.77MB read
Requests/sec:    506.56  
Transfer/sec:     94.48KB
