Running 30s test @ http://10.111.138.180:8080/wrk2-api/home-timeline/read
  4 threads and 200 connections

  Thread calibration: mean lat.: 2.610ms, rate sampling interval: 10ms
  Thread calibration: mean lat.: 2.131ms, rate sampling interval: 10ms
  Thread calibration: mean lat.: 2.420ms, rate sampling interval: 10ms
  Thread calibration: mean lat.: 2.336ms, rate sampling interval: 10ms

-----------------------------------------------------------------------
Test Results @ http://10.111.138.180:8080/wrk2-api/home-timeline/read 
  Thread Stats   Avg      Stdev     99%   +/- Stdev
    Latency     1.16ms  228.55us   1.81ms   82.75%
    Req/Sec   235.91    159.19   666.00     70.02%
  Latency Distribution (HdrHistogram - Recorded Latency)
 50.000%    1.13ms
 75.000%    1.25ms
 90.000%    1.39ms
 99.000%    1.81ms
 99.900%    3.17ms
 99.990%    6.40ms
 99.999%    6.73ms
100.000%    6.73ms

  Detailed Percentile spectrum:
       Value   Percentile   TotalCount 1/(1-Percentile)

       0.706     0.000000            1         1.00
       0.955     0.100000         1790         1.11
       1.011     0.200000         3601         1.25
       1.053     0.300000         5369         1.43
       1.092     0.400000         7146         1.67
       1.132     0.500000         8971         2.00
       1.152     0.550000         9851         2.22
       1.171     0.600000        10737         2.50
       1.194     0.650000        11608         2.86
       1.219     0.700000        12511         3.33
       1.247     0.750000        13411         4.00
       1.267     0.775000        13842         4.44
       1.287     0.800000        14281         5.00
       1.308     0.825000        14742         5.71
       1.332     0.850000        15177         6.67
       1.358     0.875000        15621         8.00
       1.375     0.887500        15850         8.89
       1.393     0.900000        16067        10.00
       1.413     0.912500        16297        11.43
       1.433     0.925000        16512        13.33
       1.458     0.937500        16734        16.00
       1.476     0.943750        16845        17.78
       1.490     0.950000        16961        20.00
       1.509     0.956250        17071        22.86
       1.528     0.962500        17183        26.67
       1.555     0.968750        17294        32.00
       1.568     0.971875        17347        35.56
       1.591     0.975000        17406        40.00
       1.619     0.978125        17459        45.71
       1.645     0.981250        17515        53.33
       1.687     0.984375        17571        64.00
       1.704     0.985938        17599        71.11
       1.746     0.987500        17627        80.00
       1.780     0.989062        17654        91.43
       1.834     0.990625        17682       106.67
       1.903     0.992188        17710       128.00
       1.965     0.992969        17724       142.22
       2.032     0.993750        17739       160.00
       2.065     0.994531        17752       182.86
       2.117     0.995313        17766       213.33
       2.221     0.996094        17780       256.00
       2.261     0.996484        17788       284.44
       2.289     0.996875        17794       320.00
       2.385     0.997266        17801       365.71
       2.483     0.997656        17808       426.67
       2.671     0.998047        17815       512.00
       2.735     0.998242        17818       568.89
       2.923     0.998437        17822       640.00
       2.969     0.998633        17825       731.43
       3.057     0.998828        17829       853.33
       3.215     0.999023        17832      1024.00
       3.323     0.999121        17834      1137.78
       3.511     0.999219        17836      1280.00
       3.879     0.999316        17837      1462.86
       3.967     0.999414        17839      1706.67
       4.283     0.999512        17841      2048.00
       4.571     0.999561        17842      2275.56
       5.195     0.999609        17843      2560.00
       5.195     0.999658        17843      2925.71
       5.823     0.999707        17844      3413.33
       6.227     0.999756        17845      4096.00
       6.239     0.999780        17846      4551.11
       6.239     0.999805        17846      5120.00
       6.239     0.999829        17846      5851.43
       6.399     0.999854        17847      6826.67
       6.399     0.999878        17847      8192.00
       6.583     0.999890        17848      9102.22
       6.583     0.999902        17848     10240.00
       6.583     0.999915        17848     11702.86
       6.583     0.999927        17848     13653.33
       6.583     0.999939        17848     16384.00
       6.731     0.999945        17849     18204.44
       6.731     1.000000        17849          inf
#[Mean    =        1.163, StdDeviation   =        0.229]
#[Max     =        6.728, Total count    =        17849]
#[Buckets =           27, SubBuckets     =         2048]
-----------------------------------------------------------------------
  26814 requests in 30.00s, 4.48MB read
Requests/sec:    893.77  
Transfer/sec:    152.75KB
